% Time (s)	Gyro Output (rads/s)	Input Rate (RPM)	%9/9/20212:39 PM
0.000	0.000	0.000
4462.970	0.010	0.000
4462.980	0.010	0.000
4462.990	0.010	0.000
4463.000	0.010	0.000
4463.010	0.010	0.000
4463.020	0.010	0.000
4463.030	0.010	0.000
4463.040	0.010	0.000
4463.050	0.010	0.000
4463.060	0.010	0.000
4463.070	0.010	0.000
4463.080	0.010	0.000
4463.090	0.010	0.000
4463.100	0.010	0.000
4463.110	0.010	0.000
4463.120	0.010	0.000
4463.130	0.010	0.000
4463.140	0.010	0.000
4463.150	0.010	0.000
4463.160	0.010	0.000
4463.170	0.010	0.000
4463.180	0.010	0.000
4463.190	0.010	0.000
4463.200	0.010	0.000
4463.210	0.010	0.000
4463.220	0.010	0.000
4463.230	0.010	0.000
4463.240	0.010	0.000
4463.250	0.010	0.000
4463.260	0.010	0.000
4463.270	0.010	0.000
4463.280	0.010	0.000
4463.290	0.010	0.000
4463.300	0.010	0.000
4463.310	0.010	0.000
4463.320	0.010	0.000
4463.330	0.010	0.000
4463.340	0.010	0.000
4463.350	0.010	0.000
4463.360	0.010	0.000
4463.370	0.000	0.000
4463.380	0.000	0.000
4463.390	0.000	0.000
4463.400	0.010	0.000
4463.410	0.010	0.000
4463.420	0.010	0.000
4463.430	0.010	0.000
4463.440	0.010	0.000
4463.450	0.010	0.000
4463.460	0.010	0.000
4463.470	0.010	0.000
4463.480	0.010	0.000
4463.490	0.010	0.000
4463.500	0.010	0.000
4463.510	0.010	0.000
4463.520	0.010	0.000
4463.530	0.010	0.000
4463.540	0.010	0.000
4463.550	0.010	0.000
4463.560	0.010	0.000
4463.570	0.010	0.000
4463.580	0.010	0.000
4463.590	0.010	0.000
4463.600	0.010	0.000
4463.610	0.010	0.000
4463.620	0.010	0.000
4463.630	0.010	0.000
4463.640	0.010	0.000
4463.650	0.010	0.000
4463.660	0.010	0.000
4463.670	0.010	0.000
4463.680	0.010	0.000
4463.690	0.010	0.000
4463.700	0.010	0.000
4463.710	0.010	0.000
4463.720	0.010	0.000
4463.730	0.010	0.000
4463.740	0.010	0.000
4463.750	0.010	0.000
4463.760	0.010	0.000
4463.770	0.010	0.000
4463.780	0.010	0.000
4463.790	0.010	0.000
4463.800	0.010	0.000
4463.810	0.010	0.000
4463.820	0.010	0.000
4463.830	0.010	0.000
4463.840	0.010	0.000
4463.850	0.010	0.000
4463.860	0.010	0.000
4463.870	0.010	0.000
4463.880	0.010	0.000
4463.890	0.010	0.000
4463.900	0.010	0.000
4463.910	0.010	0.000
4463.920	0.010	0.000
4463.930	0.010	0.000
4463.940	0.010	0.000
4463.950	0.010	0.000
4463.960	0.010	0.000
4463.970	0.010	0.000
4463.980	0.010	0.000
4463.990	0.010	0.000
4464.000	0.010	0.000
4464.010	0.010	0.000
4464.020	0.010	0.000
4464.030	0.010	0.000
4464.040	0.010	0.000
4464.050	0.010	0.000
4464.060	0.010	0.000
4464.070	0.010	0.000
4464.080	0.010	0.000
4464.090	0.010	0.000
4464.100	0.010	0.000
4464.110	0.010	0.000
4464.120	0.010	0.000
4464.130	0.010	0.000
4464.140	0.010	0.000
4464.150	0.010	0.000
4464.160	0.010	0.000
4464.170	0.010	0.000
4464.180	0.010	0.000
4464.190	0.010	0.000
4464.200	0.010	0.000
4464.210	0.010	0.000
4464.220	0.010	0.000
4464.230	0.010	0.000
4464.240	0.010	0.000
4464.250	0.010	0.000
4464.260	0.010	0.000
4464.270	0.010	0.000
4464.280	0.010	0.000
4464.290	0.010	0.000
4464.300	0.010	0.000
4464.310	0.010	0.000
4464.320	0.010	0.000
4464.330	0.010	0.000
4464.340	0.010	0.000
4464.350	0.010	0.000
4464.360	0.010	0.000
4464.370	0.010	0.000
4464.380	0.010	0.000
4464.390	0.010	0.000
4464.400	0.010	0.000
4464.410	0.010	0.000
4464.420	0.010	0.000
4464.430	0.010	0.000
4464.440	0.010	0.000
4464.450	0.010	0.000
4464.460	0.010	0.000
4464.470	0.010	0.000
4464.480	0.010	0.000
4464.490	0.010	0.000
4464.500	0.010	0.000
4464.510	0.010	0.000
4464.520	0.010	0.000
4464.530	0.010	0.000
4464.540	0.010	0.000
4464.550	0.010	0.000
4464.560	0.010	0.000
4464.570	0.010	0.000
4464.580	0.010	0.000
4464.590	0.010	0.000
4464.600	0.010	0.000
4464.610	0.010	0.000
4464.620	0.010	0.000
4464.630	0.010	0.000
4464.640	0.010	0.000
4464.650	0.010	0.000
4464.660	0.010	0.000
4464.670	0.010	0.000
4464.680	0.010	0.000
4464.690	0.010	0.000
4464.700	0.010	0.000
4464.710	0.010	0.000
4464.720	0.010	0.000
4464.730	0.010	0.000
4464.740	0.010	0.000
4464.750	0.010	0.000
4464.760	0.010	0.000
4464.770	0.010	0.000
4464.780	0.010	0.000
4464.790	0.010	0.000
4464.800	0.010	0.000
4464.810	0.010	0.000
4464.820	0.010	0.000
4464.830	0.010	0.000
4464.840	0.010	0.000
4464.850	0.010	0.000
4464.860	0.010	0.000
4464.870	0.010	0.000
4464.880	0.010	0.000
4464.890	0.010	0.000
4464.900	0.010	0.000
4464.910	0.010	0.000
4464.920	0.010	0.000
4464.930	0.010	0.000
4464.940	0.010	0.000
4464.950	0.010	0.000
4464.960	0.010	0.000
4464.970	0.010	0.000
4464.980	0.010	0.000
4464.990	0.010	0.000
4465.000	0.010	0.000
4465.010	0.010	0.000
4465.020	0.010	0.000
4465.030	0.010	0.000
4465.040	0.010	0.000
4465.050	0.010	0.000
4465.060	0.010	0.000
4465.070	0.010	0.000
4465.080	0.010	0.000
4465.090	0.010	0.000
4465.100	0.010	0.000
4465.110	0.010	0.000
4465.120	0.010	0.000
4465.130	0.010	0.000
4465.140	0.010	0.000
4465.150	0.010	0.000
4465.160	0.010	0.000
4465.170	0.010	0.000
4465.180	0.010	0.000
4465.190	0.010	0.000
4465.200	0.010	0.000
4465.210	0.010	0.000
4465.220	0.010	0.000
4465.230	0.010	0.000
4465.240	0.010	0.000
4465.250	0.010	0.000
4467.410	0.010	0.000
4467.420	0.010	0.000
4467.430	0.010	0.000
4467.440	0.010	0.000
4467.450	0.010	0.000
4467.460	0.010	0.000
4467.470	0.010	0.000
4467.480	0.010	0.073
4467.490	0.010	0.146
4467.500	0.010	0.293
4467.510	-0.060	0.439
4467.520	-0.060	0.659
4467.530	-0.060	0.806
4467.540	-0.150	1.025
4467.550	-0.150	1.245
4467.560	-0.150	1.538
4467.570	-0.260	1.904
4467.580	-0.260	2.490
4467.590	-0.260	2.930
4467.600	-0.360	3.223
4467.610	-0.360	3.516
4467.620	-0.360	3.955
4467.630	-0.460	4.468
4467.640	-0.460	4.687
4467.650	-0.460	4.980
4467.660	-0.550	5.640
4467.670	-0.550	6.079
4467.680	-0.550	6.079
4467.690	-0.640	6.592
4467.700	-0.640	6.812
4467.710	-0.640	6.958
4467.720	-0.720	7.471
4467.730	-0.720	7.690
4467.740	-0.720	8.276
4467.750	-0.810	8.643
4467.760	-0.810	8.423
4467.770	-0.810	9.009
4467.780	-0.880	9.375
4467.790	-0.880	9.521
4467.800	-0.880	9.741
4467.810	-0.960	10.474
4467.820	-0.960	10.400
4467.830	-0.960	10.767
4467.840	-1.020	10.693
4467.850	-1.020	11.206
4467.860	-1.020	11.646
4467.870	-1.070	11.646
4467.880	-1.070	11.572
4467.890	-1.070	11.865
4467.900	-1.120	12.231
4467.910	-1.120	12.231
4467.920	-1.120	12.231
4467.930	-1.150	12.524
4467.940	-1.150	12.891
4467.950	-1.150	12.598
4467.960	-1.160	12.964
4467.970	-1.160	12.744
4467.980	-1.160	13.257
4467.990	-1.190	12.891
4468.000	-1.190	13.184
4468.010	-1.190	13.110
4468.020	-1.160	13.257
4468.030	-1.160	13.037
4468.040	-1.160	12.964
4468.050	-1.170	13.330
4468.060	-1.170	12.817
4468.070	-1.170	13.110
4468.080	-1.140	12.817
4468.090	-1.140	13.037
4468.100	-1.140	12.524
4468.110	-1.120	12.744
4468.120	-1.120	12.524
4468.130	-1.120	12.451
4468.140	-1.080	12.231
4468.150	-1.080	12.085
4468.160	-1.080	12.085
4468.170	-1.010	11.865
4468.180	-1.010	11.499
4468.190	-1.010	11.353
4468.200	-0.950	11.279
4468.210	-0.950	10.913
4468.220	-0.950	10.767
4468.230	-0.880	10.254
4468.240	-0.880	10.327
4468.250	-0.880	9.814
4468.260	-0.790	9.668
4468.270	-0.790	9.229
4468.280	-0.790	9.009
4468.290	-0.710	8.423
4468.300	-0.710	8.350
4468.310	-0.710	7.910
4468.320	-0.600	7.544
4468.330	-0.600	7.397
4468.340	-0.600	6.885
4468.350	-0.480	6.445
4468.360	-0.480	5.859
4468.370	-0.480	5.347
4468.380	-0.370	5.054
4468.390	-0.370	4.687
4468.400	-0.370	4.102
4468.410	-0.250	3.735
4468.420	-0.250	3.369
4468.430	-0.250	2.930
4468.440	-0.110	2.344
4468.450	-0.110	1.978
4468.460	-0.110	1.538
4468.470	0.030	1.099
4468.480	0.030	0.513
4468.490	0.030	0.000
4468.500	0.160	-0.513
4468.510	0.160	-1.099
4468.520	0.160	-1.538
4468.530	0.300	-1.978
4468.540	0.300	-2.490
4468.550	0.300	-3.076
4468.560	0.430	-3.516
4468.570	0.430	-3.882
4468.580	0.430	-4.321
4468.590	0.570	-4.834
4468.600	0.570	-5.200
4468.610	0.570	-5.493
4468.620	0.640	-6.152
4468.630	0.640	-6.592
4468.640	0.640	-7.031
4468.650	0.740	-7.471
4468.660	0.740	-8.130
4468.670	0.740	-8.130
4468.680	0.830	-8.350
4468.690	0.830	-8.643
4468.700	0.830	-9.155
4468.710	0.930	-9.448
4468.720	0.930	-9.741
4468.730	0.930	-10.107
4468.740	1.030	-10.620
4468.750	1.030	-10.547
4468.760	1.030	-11.133
4468.770	1.100	-11.499
4468.780	1.100	-11.792
4468.790	1.100	-11.938
4468.800	1.170	-12.158
4468.810	1.170	-12.891
4468.820	1.170	-12.744
4468.830	1.240	-13.184
4468.840	1.240	-13.257
4468.850	1.240	-13.550
4468.860	1.300	-13.843
4468.870	1.300	-13.916
4468.880	1.300	-14.136
4468.890	1.350	-14.502
4468.900	1.350	-14.575
4468.910	1.350	-14.575
4468.920	1.390	-15.015
4468.930	1.390	-14.941
4468.940	1.390	-15.088
4468.950	1.420	-15.527
4468.960	1.420	-15.381
4468.970	1.420	-15.527
4468.980	1.450	-15.674
4468.990	1.450	-15.674
4469.000	1.450	-15.820
4469.010	1.450	-15.894
4469.020	1.450	-15.967
4469.030	1.450	-15.894
4469.040	1.450	-15.967
4469.050	1.450	-16.040
4469.060	1.450	-15.894
4469.070	1.440	-15.894
4469.080	1.440	-15.967
4469.090	1.440	-15.674
4469.100	1.410	-15.747
4469.110	1.410	-15.601
4469.120	1.410	-15.454
4469.130	1.380	-15.601
4469.140	1.380	-15.161
4469.150	1.380	-14.941
4469.160	1.340	-14.941
4469.170	1.340	-14.648
4469.180	1.340	-14.429
4469.190	1.270	-14.429
4469.200	1.270	-14.209
4469.210	1.270	-13.770
4469.220	1.200	-13.770
4469.230	1.200	-13.330
4469.240	1.200	-13.110
4469.250	1.130	-13.110
4469.260	1.130	-12.817
4469.270	1.130	-11.938
4469.280	1.050	-11.938
4469.290	1.050	-11.865
4469.300	1.050	-11.646
4469.310	0.960	-11.133
4469.320	0.960	-10.767
4469.330	0.960	-10.034
4469.340	0.840	-10.034
4469.350	0.840	-9.741
4469.360	0.840	-9.302
4469.370	0.730	-8.862
4469.380	0.730	-8.423
4469.390	0.730	-8.057
4469.400	0.610	-7.397
4469.410	0.610	-7.104
4469.420	0.610	-6.665
4469.430	0.480	-6.445
4469.440	0.480	-6.006
4469.450	0.480	-5.127
4469.460	0.290	-4.761
4469.470	0.290	-4.321
4469.480	0.290	-3.809
4469.490	0.220	-3.223
4469.500	0.220	-2.783
4469.510	0.220	-2.417
4469.520	0.100	-1.904
4469.530	0.100	-1.318
4469.540	0.100	-0.879
4469.550	-0.020	-0.586
4469.560	-0.020	-0.220
4469.570	-0.020	0.073
4469.580	-0.140	0.439
4469.590	-0.140	0.806
4469.600	-0.140	1.172
4469.610	-0.260	1.831
4469.620	-0.260	2.344
4469.630	-0.260	2.710
4469.640	-0.350	3.149
4469.650	-0.350	3.589
4469.660	-0.350	4.102
4469.670	-0.460	4.541
4469.680	-0.460	4.761
4469.690	-0.460	5.200
4469.700	-0.570	5.859
4469.710	-0.570	5.933
4469.720	-0.570	6.226
4469.730	-0.660	6.738
4469.740	-0.660	6.812
4469.750	-0.660	7.178
4469.760	-0.730	7.617
4469.770	-0.730	7.837
4469.780	-0.730	8.496
4469.790	-0.830	8.569
4469.800	-0.830	8.716
4469.810	-0.830	9.155
4469.820	-0.890	9.448
4469.830	-0.890	9.595
4469.840	-0.890	9.814
4469.850	-0.940	10.327
4469.860	-0.940	10.181
4469.870	-0.940	10.693
4469.880	-1.000	10.474
4469.890	-1.000	11.133
4469.900	-1.000	11.060
4469.910	-1.030	11.279
4469.920	-1.030	11.060
4469.930	-1.030	11.499
4469.940	-1.070	11.792
4469.950	-1.070	11.719
4469.960	-1.070	11.792
4469.970	-1.100	12.012
4469.980	-1.100	12.305
4469.990	-1.100	12.012
4470.000	-1.090	12.085
4470.010	-1.090	12.158
4470.020	-1.090	12.598
4470.030	-1.110	12.158
4470.040	-1.110	12.305
4470.050	-1.110	12.305
4470.060	-1.090	12.671
4470.070	-1.090	12.012
4470.080	-1.090	12.158
4470.090	-1.080	12.158
4470.100	-1.080	12.378
4470.110	-1.080	11.865
4470.120	-1.040	11.865
4470.130	-1.040	11.938
4470.140	-1.040	11.865
4470.150	-1.000	11.499
4470.160	-1.000	11.060
4470.170	-1.000	11.426
4470.180	-0.960	10.913
4470.190	-0.960	10.913
4470.200	-0.960	10.327
4470.210	-0.870	10.474
4470.220	-0.870	10.107
4470.230	-0.870	9.814
4470.240	-0.800	9.595
4470.250	-0.800	9.302
4470.260	-0.800	8.936
4470.270	-0.710	8.643
4470.280	-0.710	8.423
4470.290	-0.710	7.910
4470.300	-0.610	7.837
4470.310	-0.610	7.471
4470.320	-0.610	6.958
4470.330	-0.500	6.519
4470.340	-0.500	5.859
4470.350	-0.500	5.566
4470.360	-0.390	4.980
4470.370	-0.390	4.980
4470.380	-0.390	4.102
4470.390	-0.260	3.589
4470.400	-0.260	3.003
4470.410	-0.260	3.003
4470.420	-0.130	2.637
4470.430	-0.130	2.271
4470.440	-0.130	1.978
4470.450	0.010	1.392
4470.460	0.010	0.806
4470.470	0.010	0.220
4470.480	0.140	-0.293
4470.490	0.140	-0.806
4470.500	0.140	-1.465
4470.510	0.280	-1.904
4470.520	0.280	-2.344
4470.530	0.280	-2.710
4470.540	0.400	-3.223
4470.550	0.400	-3.809
4470.560	0.400	-4.321
4470.570	0.530	-4.761
4470.580	0.530	-5.347
4470.590	0.530	-5.713
4470.600	0.650	-5.786
4470.610	0.650	-6.226
4470.620	0.650	-6.812
4470.630	0.750	-7.324
4470.640	0.750	-8.057
4470.650	0.750	-8.057
4470.660	0.850	-8.789
4470.670	0.850	-9.082
4470.680	0.850	-9.521
4470.690	0.930	-9.814
4470.700	0.930	-9.814
4470.710	0.930	-10.620
4470.720	1.020	-10.620
4470.730	1.020	-10.986
4470.740	1.020	-10.840
4470.750	1.100	-11.426
4470.760	1.100	-11.938
4470.770	1.100	-12.085
4470.780	1.180	-12.305
4470.790	1.180	-12.524
4470.800	1.180	-13.184
4470.810	1.260	-13.257
4470.820	1.260	-13.330
4470.830	1.260	-13.770
4470.840	1.320	-13.916
4470.850	1.320	-14.136
4470.860	1.320	-14.575
4470.870	1.360	-14.575
4470.880	1.360	-14.722
4470.890	1.360	-14.868
4470.900	1.410	-14.868
4470.910	1.410	-15.234
4470.920	1.410	-15.381
4470.930	1.450	-15.381
4470.940	1.450	-15.820
4470.950	1.450	-15.674
4470.960	1.470	-15.674
4470.970	1.470	-16.040
4470.980	1.470	-16.040
4470.990	1.490	-16.040
4471.000	1.490	-16.406
4471.010	1.490	-16.260
4471.020	1.500	-16.260
4471.030	1.500	-16.479
4471.040	1.500	-16.333
4471.050	1.490	-16.333
4471.060	1.490	-16.553
4471.070	1.490	-16.113
4471.080	1.470	-16.113
4471.090	1.470	-16.333
4471.100	1.470	-15.967
4471.110	1.430	-15.967
4471.120	1.430	-15.967
4471.130	1.430	-15.674
4471.140	1.390	-15.674
4471.150	1.390	-15.454
4471.160	1.390	-15.161
4471.170	1.330	-15.161
4471.180	1.330	-14.941
4471.190	1.330	-14.355
4471.200	1.270	-14.355
4471.210	1.270	-14.209
4471.220	1.270	-13.843
4471.230	1.200	-13.843
4471.240	1.200	-13.330
4471.250	1.200	-12.891
4471.260	1.110	-12.891
4471.270	1.110	-12.598
4471.280	1.110	-11.646
4471.290	1.010	-11.646
4471.300	1.010	-11.572
4471.310	1.010	-10.767
4471.320	0.910	-10.767
4471.330	0.910	-10.327
4471.340	0.910	-9.668
4471.350	0.800	-9.668
4471.360	0.800	-9.155
4471.370	0.800	-8.643
4471.380	0.680	-8.643
4471.390	0.680	-7.983
4471.400	0.680	-7.031
4471.410	0.570	-7.031
4471.420	0.570	-6.665
4471.430	0.570	-5.640
4471.440	0.440	-5.640
4471.450	0.440	-5.273
4471.460	0.440	-4.834
4471.470	0.300	-4.321
4471.480	0.300	-4.028
4471.490	0.300	-3.662
4471.500	0.180	-3.149
4471.510	0.180	-2.563
4471.520	0.180	-2.124
4471.530	0.060	-1.831
4471.540	0.060	-1.465
4471.550	0.060	-0.952
4471.560	-0.050	-0.439
4471.570	-0.050	0.073
4471.580	-0.050	0.659
4471.590	-0.150	1.172
4471.600	-0.150	1.538
4471.610	-0.150	1.904
4471.620	-0.260	2.197
4471.630	-0.260	2.637
4471.640	-0.260	3.149
4471.650	-0.360	3.589
4471.660	-0.360	3.809
4471.670	-0.360	4.028
4471.680	-0.470	4.321
4471.690	-0.470	4.834
4471.700	-0.470	5.127
4471.710	-0.570	5.493
4471.720	-0.570	6.006
4471.730	-0.570	6.226
4471.740	-0.670	6.519
4471.750	-0.670	7.031
4471.760	-0.670	7.397
4471.770	-0.740	7.983
4471.780	-0.740	8.130
4471.790	-0.740	7.983
4471.800	-0.810	8.643
4471.810	-0.810	8.789
4471.820	-0.810	9.375
4471.830	-0.890	9.375
4471.840	-0.890	9.595
4471.850	-0.890	10.107
4471.860	-0.940	10.107
4471.870	-0.940	10.254
4471.880	-0.940	10.986
4471.890	-1.010	10.986
4471.900	-1.010	10.840
4471.910	-1.010	10.986
4471.920	-1.050	10.986
4471.930	-1.050	11.572
4471.940	-1.050	11.719
4471.950	-1.060	11.719
4471.960	-1.060	11.719
4471.970	-1.060	11.938
4471.980	-1.110	12.378
4471.990	-1.110	12.085
4472.000	-1.110	12.305
4472.010	-1.100	12.305
4472.020	-1.100	12.744
4472.030	-1.100	12.524
4472.040	-1.110	12.524
4472.050	-1.110	12.378
4472.060	-1.110	12.158
4472.070	-1.100	12.158
4472.080	-1.100	12.378
4472.090	-1.100	12.305
4472.100	-1.090	12.305
4472.110	-1.090	12.012
4472.120	-1.090	12.085
4472.130	-1.070	12.085
4472.140	-1.070	11.865
4472.150	-1.070	11.646
4472.160	-1.000	11.646
4472.170	-1.000	11.719
4472.180	-1.000	11.060
4472.190	-0.970	11.060
4472.200	-0.970	10.693
4472.210	-0.970	10.913
4472.220	-0.870	10.327
4472.230	-0.870	10.327
4472.240	-0.870	9.814
4472.250	-0.800	9.668
4472.260	-0.800	9.448
4472.270	-0.800	9.082
4472.280	-0.720	8.643
4472.290	-0.720	8.643
4472.300	-0.720	8.276
4472.310	-0.620	7.544
4472.320	-0.620	7.324
4472.330	-0.620	7.031
4472.340	-0.520	6.812
4472.350	-0.520	6.445
4472.360	-0.520	5.713
4472.370	-0.410	5.493
4472.380	-0.410	5.127
4472.390	-0.410	4.614
4472.400	-0.280	4.321
4472.410	-0.280	4.028
4472.420	-0.280	3.516
4472.430	-0.150	2.856
4472.440	-0.150	2.417
4472.450	-0.150	2.051
4472.460	-0.040	1.685
4472.470	-0.040	1.172
4472.480	-0.040	0.659
4472.490	0.090	0.220
4472.500	0.090	-0.220
4472.510	0.090	-1.172
4472.520	0.220	-1.172
4472.530	0.220	-1.611
4472.540	0.220	-2.490
4472.550	0.350	-2.490
4472.560	0.350	-3.149
4472.570	0.350	-4.175
4472.580	0.490	-4.175
4472.590	0.490	-4.541
4472.600	0.490	-5.493
4472.610	0.600	-5.493
4472.620	0.600	-5.713
4472.630	0.600	-6.812
4472.640	0.670	-6.812
4472.650	0.670	-7.031
4472.660	0.670	-7.471
4472.670	0.760	-7.471
4472.680	0.760	-7.837
4472.690	0.760	-8.496
4472.700	0.860	-8.643
4472.710	0.860	-8.936
4472.720	0.860	-9.302
4472.730	0.950	-9.814
4472.740	0.950	-9.814
4472.750	0.950	-10.327
4472.760	1.030	-10.547
4472.770	1.030	-11.060
4472.780	1.030	-11.206
4472.790	1.110	-11.353
4472.800	1.110	-11.719
4472.810	1.110	-12.231
4472.820	1.170	-12.305
4472.830	1.170	-12.305
4472.840	1.170	-12.744
4472.850	1.220	-12.964
4472.860	1.220	-13.184
4472.870	1.220	-13.037
4472.880	1.260	-13.696
4472.890	1.260	-13.550
4472.900	1.260	-13.916
4472.910	1.310	-14.062
4472.920	1.310	-14.062
4472.930	1.310	-14.209
4472.940	1.340	-14.575
4472.950	1.340	-14.355
4472.960	1.340	-14.648
4472.970	1.340	-14.941
4472.980	1.340	-14.502
4472.990	1.340	-14.941
4473.000	1.360	-14.868
4473.010	1.360	-14.648
4473.020	1.360	-15.015
4473.030	1.360	-14.941
4473.040	1.360	-14.722
4473.050	1.360	-14.868
4473.060	1.330	-14.648
4473.070	1.330	-14.722
4473.080	1.330	-14.648
4473.090	1.310	-14.502
4473.100	1.310	-14.722
4473.110	1.310	-14.282
4473.120	1.280	-14.282
4473.130	1.280	-14.062
4473.140	1.280	-13.989
4473.150	1.210	-13.843
4473.160	1.210	-13.696
4473.170	1.210	-13.403
4473.180	1.170	-13.330
4473.190	1.170	-13.037
4473.200	1.170	-12.451
4473.210	1.100	-12.744
4473.220	1.100	-12.305
4473.230	1.100	-12.012
4473.240	1.010	-11.646
4473.250	1.010	-11.426
4473.260	1.010	-11.353
4473.270	0.920	-10.620
4473.280	0.920	-10.400
4473.290	0.920	-10.181
4473.300	0.820	-9.814
4473.310	0.820	-9.448
4473.320	0.820	-9.082
4473.330	0.720	-8.716
4473.340	0.720	-8.276
4473.350	0.720	-7.983
4473.360	0.610	-7.324
4473.370	0.610	-7.104
4473.380	0.610	-6.738
4473.390	0.480	-6.372
4473.400	0.480	-6.006
4473.410	0.480	-5.273
4473.420	0.350	-4.761
4473.430	0.350	-4.395
4473.440	0.350	-3.809
4473.450	0.210	-3.223
4473.460	0.210	-2.783
4473.470	0.210	-2.417
4473.480	0.070	-1.904
4473.490	0.070	-1.318
4473.500	0.070	-0.806
4473.510	-0.030	-0.439
4473.520	-0.030	-0.146
4473.530	-0.030	0.220
4473.540	-0.140	0.513
4473.550	-0.140	0.879
4473.560	-0.140	1.465
4473.570	-0.260	2.051
4473.580	-0.260	2.490
4473.590	-0.260	2.856
4473.600	-0.370	3.223
4473.610	-0.370	3.809
4473.620	-0.370	4.248
4473.630	-0.490	4.614
4473.640	-0.490	4.980
4473.650	-0.490	5.859
4473.660	-0.590	5.859
4473.670	-0.590	6.079
4473.680	-0.590	6.958
4473.690	-0.680	6.958
4473.700	-0.680	7.251
4473.710	-0.680	7.690
4473.720	-0.790	7.983
4473.730	-0.790	8.569
4473.740	-0.790	9.009
4473.750	-0.870	9.009
4473.760	-0.870	9.448
4473.770	-0.870	9.888
4473.780	-0.950	9.888
4473.790	-0.950	10.254
4473.800	-0.950	10.913
4473.810	-1.050	10.913
4473.820	-1.050	11.133
4473.830	-1.050	11.792
4473.840	-1.110	11.792
4473.850	-1.110	12.085
4473.860	-1.110	12.012
4473.870	-1.160	12.378
4473.880	-1.160	12.744
4473.890	-1.160	12.964
4473.900	-1.220	13.184
4473.910	-1.220	13.330
4473.920	-1.220	13.696
4473.930	-1.250	13.550
4473.940	-1.250	13.843
4473.950	-1.250	13.989
4473.960	-1.280	14.062
4473.970	-1.280	14.282
4473.980	-1.280	14.355
4473.990	-1.300	14.355
4474.000	-1.300	14.429
4474.010	-1.300	14.429
4474.020	-1.310	14.355
4474.030	-1.310	14.722
4474.040	-1.310	14.575
4474.050	-1.320	14.575
4474.060	-1.320	14.648
4474.070	-1.320	14.502
4474.080	-1.290	14.575
4474.090	-1.290	14.502
4474.100	-1.290	14.575
4474.110	-1.290	14.575
4474.120	-1.290	14.355
4474.130	-1.290	14.355
4474.140	-1.240	14.209
4474.150	-1.240	13.989
4474.160	-1.240	13.916
4474.170	-1.210	13.843
4474.180	-1.210	13.550
4474.190	-1.210	13.477
4474.200	-1.130	13.110
4474.210	-1.130	12.891
4474.220	-1.130	12.964
4474.230	-1.080	12.451
4474.240	-1.080	12.305
4474.250	-1.080	12.158
4474.260	-1.010	12.085
4474.270	-1.010	11.499
4474.280	-1.010	10.986
4474.290	-0.900	10.986
4474.300	-0.900	10.547
4474.310	-0.900	10.181
4474.320	-0.800	9.888
4474.330	-0.800	9.448
4474.340	-0.800	8.936
4474.350	-0.690	8.716
4474.360	-0.690	8.203
4474.370	-0.690	7.764
4474.380	-0.570	7.764
4474.390	-0.570	7.178
4474.400	-0.570	6.665
4474.410	-0.470	6.152
4474.420	-0.470	5.493
4474.430	-0.470	5.200
4474.440	-0.340	4.907
4474.450	-0.340	4.321
4474.460	-0.340	3.955
4474.470	-0.210	3.589
4474.480	-0.210	2.930
4474.490	-0.210	2.490
4474.500	-0.080	2.124
4474.510	-0.080	1.831
4474.520	-0.080	1.465
4474.530	0.060	0.952
4474.540	0.060	0.293
4474.550	0.060	-0.366
4474.560	0.190	-0.952
4474.570	0.190	-1.392
4474.580	0.190	-1.758
4474.590	0.290	-2.124
4474.600	0.290	-2.490
4474.610	0.290	-3.003
4474.620	0.390	-3.516
4474.630	0.390	-3.809
4474.640	0.390	-4.028
4474.650	0.500	-4.541
4474.660	0.500	-4.907
4474.670	0.500	-5.127
4474.680	0.580	-5.493
4474.690	0.580	-6.079
4474.700	0.580	-6.372
4474.710	0.680	-6.665
4474.720	0.680	-7.104
4474.730	0.680	-7.617
4474.740	0.760	-7.617
4474.750	0.760	-7.837
4474.760	0.760	-8.716
4474.770	0.840	-8.716
4474.780	0.840	-8.862
4474.790	0.840	-9.375
4474.800	0.920	-9.375
4474.810	0.920	-9.741
4474.820	0.920	-10.034
4474.830	0.980	-10.034
4474.840	0.980	-10.474
4474.850	0.980	-11.060
4474.860	1.040	-11.060
4474.870	1.040	-10.767
4474.880	1.040	-11.353
4474.890	1.080	-11.353
4474.900	1.080	-11.646
4474.910	1.080	-11.646
4474.920	1.100	-11.646
4474.930	1.100	-12.231
4474.940	1.100	-12.231
4474.950	1.130	-12.231
4474.960	1.130	-12.085
4474.970	1.130	-12.378
4474.980	1.150	-12.378
4474.990	1.150	-12.598
4475.000	1.150	-12.891
4475.010	1.150	-12.891
4475.020	1.150	-12.671
4475.030	1.150	-12.671
4475.040	1.140	-12.671
4475.050	1.140	-12.671
4475.060	1.140	-12.305
4475.070	1.130	-12.305
4475.080	1.130	-12.671
4475.090	1.130	-12.378
4475.100	1.110	-12.378
4475.110	1.110	-12.012
4475.120	1.110	-12.305
4475.130	1.060	-12.012
4475.140	1.060	-11.646
4475.150	1.060	-11.572
4475.160	1.020	-11.792
4475.170	1.020	-11.572
4475.180	1.020	-10.986
4475.190	0.960	-11.060
4475.200	0.960	-10.693
4475.210	0.960	-10.767
4475.220	0.880	-10.254
4475.230	0.880	-9.961
4475.240	0.880	-9.961
4475.250	0.810	-9.521
4475.260	0.810	-9.009
4475.270	0.810	-8.862
4475.280	0.730	-8.716
4475.290	0.730	-8.057
4475.300	0.730	-7.983
4475.310	0.630	-7.397
4475.320	0.630	-7.031
4475.330	0.630	-6.812
4475.340	0.510	-6.372
4475.350	0.510	-6.226
4475.360	0.510	-5.859
4475.370	0.400	-5.127
4475.380	0.400	-4.687
4475.390	0.400	-4.321
4475.400	0.270	-3.735
4475.410	0.270	-3.296
4475.420	0.270	-2.930
4475.430	0.140	-2.417
4475.440	0.140	-1.904
4475.450	0.140	-1.318
4475.460	0.020	-0.879
4475.470	0.020	-0.513
4475.480	0.020	-0.146
4475.490	-0.120	0.146
4475.500	-0.120	0.513
4475.510	-0.120	0.952
4475.520	-0.240	1.392
4475.530	-0.240	1.978
4475.540	-0.240	2.856
4475.550	-0.350	2.856
4475.560	-0.350	3.296
4475.570	-0.350	3.735
4475.580	-0.460	4.248
4475.590	-0.460	4.614
4475.600	-0.460	4.980
4475.610	-0.560	5.640
4475.620	-0.560	6.079
4475.630	-0.560	6.079
4475.640	-0.660	6.665
4475.650	-0.660	6.958
4475.660	-0.660	7.764
4475.670	-0.760	7.764
4475.680	-0.760	7.983
4475.690	-0.760	8.569
4475.700	-0.860	8.862
4475.710	-0.860	9.009
4475.720	-0.860	9.521
4475.730	-0.950	10.107
4475.740	-0.950	10.034
4475.750	-0.950	10.400
4475.760	-1.040	11.060
4475.770	-1.040	11.206
4475.780	-1.040	11.426
4475.790	-1.110	11.792
4475.800	-1.110	12.158
4475.810	-1.110	12.524
4475.820	-1.170	12.378
4475.830	-1.170	12.671
4475.840	-1.170	13.184
4475.850	-1.250	13.330
4475.860	-1.250	13.623
4475.870	-1.250	13.696
4475.880	-1.290	14.062
4475.890	-1.290	14.209
4475.900	-1.290	14.355
4475.910	-1.350	14.429
4475.920	-1.350	15.015
4475.930	-1.350	14.941
4475.940	-1.380	15.015
4475.950	-1.380	15.454
4475.960	-1.380	15.234
4475.970	-1.390	15.381
4475.980	-1.390	15.674
4475.990	-1.390	15.527
4476.000	-1.430	15.747
4476.010	-1.430	15.894
4476.020	-1.430	15.674
4476.030	-1.420	15.747
4476.040	-1.420	15.967
4476.050	-1.420	15.820
4476.060	-1.430	15.820
4476.070	-1.430	15.967
4476.080	-1.430	15.674
4476.090	-1.390	15.674
4476.100	-1.390	15.820
4476.110	-1.390	15.527
4476.120	-1.370	15.527
4476.130	-1.370	15.527
4476.140	-1.370	15.161
4476.150	-1.330	15.088
4476.160	-1.330	14.941
4476.170	-1.330	14.795
4476.180	-1.270	14.868
4476.190	-1.270	14.355
4476.200	-1.270	14.209
4476.210	-1.210	14.062
4476.220	-1.210	13.843
4476.230	-1.210	13.257
4476.240	-1.130	13.403
4476.250	-1.130	13.184
4476.260	-1.130	12.891
4476.270	-1.060	12.305
4476.280	-1.060	12.012
4476.290	-1.060	12.012
4476.300	-0.950	11.572
4476.310	-0.950	10.986
4476.320	-0.950	10.693
4476.330	-0.860	10.840
4476.340	-0.860	10.034
4476.350	-0.860	9.741
4476.360	-0.760	9.375
4476.370	-0.760	8.936
4476.380	-0.760	8.423
4476.390	-0.640	8.276
4476.400	-0.640	7.544
4476.410	-0.640	7.397
4476.420	-0.510	6.958
4476.430	-0.510	6.372
4476.440	-0.510	5.933
4476.450	-0.370	5.273
4476.460	-0.370	4.761
4476.470	-0.370	4.468
4476.480	-0.230	3.882
4476.490	-0.230	2.783
4476.500	-0.230	2.344
4476.510	-0.120	1.831
4476.520	-0.120	1.831
4476.530	-0.120	0.879
4476.540	0.010	0.879
4476.550	0.010	0.439
4476.560	0.010	-0.293
4476.570	0.150	-0.293
4476.580	0.150	-0.659
4476.590	0.150	-1.538
4476.600	0.280	-1.538
4476.610	0.280	-2.124
4476.620	0.280	-2.930
4476.630	0.390	-2.930
4476.640	0.390	-3.369
4476.650	0.390	-4.468
4476.660	0.490	-4.468
4476.670	0.490	-4.687
4476.680	0.490	-5.566
4476.690	0.580	-5.566
4476.700	0.580	-6.079
4476.710	0.580	-6.079
4476.720	0.660	-6.665
4476.730	0.660	-6.885
4476.740	0.660	-7.104
4476.750	0.740	-7.324
4476.760	0.740	-7.544
4476.770	0.740	-8.203
4476.780	0.820	-8.496
4476.790	0.820	-8.496
4476.800	0.820	-8.862
4476.810	0.890	-9.155
4476.820	0.890	-9.448
4476.830	0.890	-9.595
4476.840	0.960	-9.961
4476.850	0.960	-10.034
4476.860	0.960	-10.547
4476.870	1.000	-10.474
4476.880	1.000	-10.547
4476.890	1.000	-10.986
4476.900	1.040	-11.279
4476.910	1.040	-11.353
4476.920	1.040	-11.133
4476.930	1.080	-11.572
4476.940	1.080	-11.865
4476.950	1.080	-11.792
4476.960	1.100	-11.646
4476.970	1.100	-11.792
4476.980	1.100	-12.305
4476.990	1.100	-12.158
4477.000	1.100	-12.012
4477.010	1.100	-12.085
4477.020	1.120	-12.451
4477.030	1.120	-12.012
4477.040	1.120	-12.012
4477.050	1.120	-12.158
4477.060	1.120	-12.378
4477.070	1.120	-12.231
4477.080	1.100	-12.085
4477.090	1.100	-12.085
4477.100	1.100	-12.158
4477.110	1.080	-11.938
4477.120	1.080	-11.719
4477.130	1.080	-11.865
4477.140	1.050	-11.938
4477.150	1.050	-11.572
4477.160	1.050	-11.206
4477.170	0.990	-11.206
4477.180	0.990	-11.060
4477.190	0.990	-10.327
4477.200	0.920	-10.327
4477.210	0.920	-10.400
4477.220	0.920	-10.034
4477.230	0.850	-10.034
4477.240	0.850	-9.521
4477.250	0.850	-8.862
4477.260	0.770	-8.862
4477.270	0.770	-8.789
4477.280	0.770	-7.983
4477.290	0.670	-7.983
4477.300	0.670	-8.057
4477.310	0.670	-7.104
4477.320	0.570	-7.104
4477.330	0.570	-6.445
4477.340	0.570	-6.006
4477.350	0.460	-6.006
4477.360	0.460	-5.640
4477.370	0.460	-4.687
4477.380	0.360	-4.687
4477.390	0.360	-4.248
4477.400	0.360	-3.662
4477.410	0.240	-3.369
4477.420	0.240	-3.076
4477.430	0.240	-2.710
4477.440	0.100	-2.124
4477.450	0.100	-1.685
4477.460	0.100	-1.172
4477.470	-0.030	-0.732
4477.480	-0.030	-0.293
4477.490	-0.030	0.586
4477.500	-0.150	0.586
4477.510	-0.150	1.099
4477.520	-0.150	1.465
4477.530	-0.260	1.978
4477.540	-0.260	2.490
4477.550	-0.260	2.930
4477.560	-0.350	3.149
4477.570	-0.350	3.442
4477.580	-0.350	3.809
4477.590	-0.460	4.468
4477.600	-0.460	4.834
4477.610	-0.460	5.127
4477.620	-0.560	5.713
4477.630	-0.560	5.933
4477.640	-0.560	6.006
4477.650	-0.660	6.665
4477.660	-0.660	7.178
4477.670	-0.660	7.617
4477.680	-0.760	7.983
4477.690	-0.760	7.837
4477.700	-0.760	8.423
4477.710	-0.860	8.862
4477.720	-0.860	9.082
4477.730	-0.860	9.375
4477.740	-0.930	9.888
4477.750	-0.930	10.107
4477.760	-0.930	10.400
4477.770	-1.020	10.693
4477.780	-1.020	10.913
4477.790	-1.020	11.499
4477.800	-1.100	11.792
4477.810	-1.100	11.719
4477.820	-1.100	12.158
4477.830	-1.160	12.524
4477.840	-1.160	12.817
4477.850	-1.160	12.744
4477.860	-1.230	13.110
4477.870	-1.230	13.403
4477.880	-1.230	13.403
4477.890	-1.260	13.843
4477.900	-1.260	13.843
4477.910	-1.260	14.062
4477.920	-1.290	14.209
4477.930	-1.290	14.282
4477.940	-1.290	14.282
4477.950	-1.340	14.795
4477.960	-1.340	14.648
4477.970	-1.340	14.648
4477.980	-1.330	15.015
4477.990	-1.330	14.722
4478.000	-1.330	14.795
4478.010	-1.360	15.021
4478.020	-1.360	15.046
4478.030	-1.360	15.192
4478.040	-1.340	15.119
4478.050	-1.340	14.972
4478.060	-1.340	15.192
4478.070	-1.340	14.972
4478.080	-1.340	15.119
4478.090	-1.340	15.119
4478.100	-1.320	14.753
4478.110	-1.320	14.966
4478.120	-1.320	14.429
4478.130	-1.280	14.429
4478.140	-1.280	14.648
4478.150	-1.280	14.282
4478.160	-1.240	14.136
4478.170	-1.240	13.916
4478.180	-1.240	13.770
4478.190	-1.170	13.477
4478.200	-1.170	13.550
4478.210	-1.170	13.037
4478.220	-1.110	13.037
4478.230	-1.110	12.817
4478.240	-1.110	12.378
4478.250	-1.010	12.012
4478.260	-1.010	11.792
4478.270	-1.010	11.646
4478.280	-0.930	11.279
4478.290	-0.930	10.840
4478.300	-0.930	10.400
4478.310	-0.840	10.400
4478.320	-0.840	9.741
4478.330	-0.840	9.448
4478.340	-0.730	9.082
4478.350	-0.730	8.716
4478.360	-0.730	7.910
4478.370	-0.610	7.910
4478.380	-0.610	7.324
4478.390	-0.610	6.665
4478.400	-0.490	6.665
4478.410	-0.490	6.006
4478.420	-0.490	5.273
4478.430	-0.380	5.273
4478.440	-0.380	4.395
4478.450	-0.380	3.955
4478.460	-0.250	3.296
4478.470	-0.250	3.296
4478.480	-0.250	2.271
4478.490	-0.110	2.271
4478.500	-0.110	1.904
4478.510	-0.110	0.952
4478.520	0.020	0.952
4478.530	0.020	0.439
4478.540	0.020	-0.293
4478.550	0.160	-0.293
4478.560	0.160	-0.732
4478.570	0.160	-1.758
4478.580	0.290	-1.758
4478.590	0.290	-2.124
4478.600	0.290	-3.076
4478.610	0.390	-3.076
4478.620	0.390	-3.735
4478.630	0.390	-4.468
4478.640	0.500	-4.468
4478.650	0.500	-4.834
4478.660	0.500	-5.566
4478.670	0.590	-5.566
4478.680	0.590	-5.859
4478.690	0.590	-6.812
4478.700	0.690	-6.812
4478.710	0.690	-7.031
4478.720	0.690	-7.324
4478.730	0.780	-7.544
4478.740	0.780	-8.203
4478.750	0.780	-8.569
4478.760	0.870	-9.082
4478.770	0.870	-9.082
4478.780	0.870	-9.302
4478.790	0.930	-9.595
4478.800	0.930	-9.814
4478.810	0.930	-10.254
4478.820	1.000	-10.327
4478.830	1.000	-10.913
4478.840	1.000	-10.767
4478.850	1.080	-11.133
4478.860	1.080	-11.499
4478.870	1.080	-11.792
4478.880	1.130	-11.938
4478.890	1.130	-11.938
4478.900	1.130	-12.378
4478.910	1.170	-12.524
4478.920	1.170	-12.671
4478.930	1.170	-12.524
4478.940	1.210	-13.257
4478.950	1.210	-12.964
4478.960	1.210	-13.257
4478.970	1.240	-13.257
4478.980	1.240	-13.477
4478.990	1.240	-13.403
4479.000	1.240	-13.403
4479.010	1.240	-13.696
4479.020	1.240	-13.696
4479.030	1.240	-13.696
4479.040	1.240	-13.550
4479.050	1.240	-13.550
4479.060	1.230	-13.550
4479.070	1.230	-13.330
4479.080	1.230	-13.330
4479.090	1.200	-13.330
4479.100	1.200	-13.037
4479.110	1.200	-13.257
4479.120	1.160	-13.257
4479.130	1.160	-12.891
4479.140	1.160	-12.671
4479.150	1.130	-12.891
4479.160	1.130	-12.671
4479.170	1.130	-12.524
4479.180	1.090	-12.085
4479.190	1.090	-12.305
4479.200	1.090	-11.938
4479.210	1.020	-11.572
4479.220	1.020	-11.353
4479.230	1.020	-11.206
4479.240	0.950	-11.206
4479.250	0.950	-10.620
4479.260	0.950	-10.327
4479.270	0.870	-10.181
4479.280	0.870	-9.814
4479.290	0.870	-9.595
4479.300	0.770	-9.302
4479.310	0.770	-8.936
4479.320	0.770	-8.496
4479.330	0.680	-8.350
4479.340	0.680	-7.617
4479.350	0.680	-7.324
4479.360	0.570	-7.251
4479.370	0.570	-6.885
4479.380	0.570	-6.445
4479.390	0.450	-5.713
4479.400	0.450	-5.273
4479.410	0.450	-4.980
4479.420	0.330	-4.614
4479.430	0.330	-4.102
4479.440	0.330	-3.735
4479.450	0.200	-3.369
4479.460	0.200	-2.710
4479.470	0.200	-2.124
4479.480	0.070	-1.758
4479.490	0.070	-1.465
4479.500	0.070	-1.025
4479.510	-0.030	-0.659
4479.520	-0.030	-0.073
4479.530	-0.030	0.439
4479.540	-0.150	0.879
4479.550	-0.150	1.245
4479.560	-0.150	1.538
4479.570	-0.260	1.904
4479.580	-0.260	2.344
4479.590	-0.260	3.003
4479.600	-0.380	3.442
4479.610	-0.380	3.809
4479.620	-0.380	4.028
4479.630	-0.480	4.614
4479.640	-0.480	4.834
4479.650	-0.480	5.127
4479.660	-0.570	5.640
4479.670	-0.570	6.226
4479.680	-0.570	6.519
4479.690	-0.650	6.738
4479.700	-0.650	6.958
4479.710	-0.650	7.178
4479.720	-0.750	7.764
4479.730	-0.750	7.910
4479.740	-0.750	8.350
4479.750	-0.840	8.936
4479.760	-0.840	8.936
4479.770	-0.840	9.302
4479.780	-0.910	9.521
4479.790	-0.910	9.814
4479.800	-0.910	9.961
4479.810	-0.970	10.620
4479.820	-0.970	10.620
4479.830	-0.970	10.986
4479.840	-1.030	10.913
4479.850	-1.030	11.206
4479.860	-1.030	11.646
4479.870	-1.090	11.719
4479.880	-1.090	11.719
4479.890	-1.090	12.158
4479.900	-1.130	12.451
4479.910	-1.130	12.378
4479.920	-1.130	12.451
4479.930	-1.180	12.598
4479.940	-1.180	13.110
4479.950	-1.180	12.744
4479.960	-1.190	13.257
4479.970	-1.190	13.184
4479.980	-1.190	13.550
4479.990	-1.220	13.257
4480.000	-1.220	13.403
4480.010	-1.220	13.550
4480.020	-1.200	13.403
4480.030	-1.200	13.550
4480.040	-1.200	13.477
4480.050	-1.210	13.770
4480.060	-1.210	13.330
4480.070	-1.210	13.403
4480.080	-1.190	13.477
4480.090	-1.190	13.184
4480.100	-1.190	13.330
4480.110	-1.160	13.110
4480.120	-1.160	13.330
4480.130	-1.160	12.671
4480.140	-1.120	12.817
4480.150	-1.120	12.524
4480.160	-1.120	12.524
4480.170	-1.050	12.085
4480.180	-1.050	12.085
4480.190	-1.050	12.012
4480.200	-1.000	11.719
4480.210	-1.000	11.206
4480.220	-1.000	11.060
4480.230	-0.910	11.133
4480.240	-0.910	10.474
4480.250	-0.910	10.474
4480.260	-0.830	9.888
4480.270	-0.830	9.741
4480.280	-0.830	9.375
4480.290	-0.750	9.155
4480.300	-0.750	8.643
4480.310	-0.750	8.643
4480.320	-0.630	7.983
4480.330	-0.630	7.471
4480.340	-0.630	7.251
4480.350	-0.520	6.885
4480.360	-0.520	6.738
4480.370	-0.520	6.226
4480.380	-0.430	5.566
4480.390	-0.430	5.200
4480.400	-0.430	4.834
4480.410	-0.300	4.395
4480.420	-0.300	4.102
4480.430	-0.300	3.735
4480.440	-0.170	3.223
4480.450	-0.170	2.563
4480.460	-0.170	2.051
4480.470	-0.030	1.758
4480.480	-0.030	1.392
4480.490	-0.030	0.879
4480.500	0.090	0.293
4480.510	0.090	-0.293
4480.520	0.090	-0.806
4480.530	0.220	-1.318
4480.540	0.220	-1.685
4480.550	0.220	-2.051
4480.560	0.340	-2.563
4480.570	0.340	-3.223
4480.580	0.340	-3.809
4480.590	0.460	-4.175
4480.600	0.460	-4.395
4480.610	0.460	-4.834
4480.620	0.570	-5.200
4480.630	0.570	-5.566
4480.640	0.570	-6.226
4480.650	0.670	-6.665
4480.660	0.670	-6.812
4480.670	0.670	-7.104
4480.680	0.770	-7.397
4480.690	0.770	-7.837
4480.700	0.770	-8.496
4480.710	0.850	-8.569
4480.720	0.850	-8.936
4480.730	0.850	-9.229
4480.740	0.940	-9.668
4480.750	0.940	-9.814
4480.760	0.940	-10.327
4480.770	1.030	-10.474
4480.780	1.030	-11.060
4480.790	1.030	-11.060
4480.800	1.110	-11.353
4480.810	1.110	-11.719
4480.820	1.110	-12.158
4480.830	1.170	-12.231
4480.840	1.170	-12.305
4480.850	1.170	-12.817
4480.860	1.230	-12.891
4480.870	1.230	-13.257
4480.880	1.230	-13.184
4480.890	1.280	-13.843
4480.900	1.280	-13.770
4480.910	1.280	-13.989
4480.920	1.320	-14.136
4480.930	1.320	-14.209
4480.940	1.320	-14.355
4480.950	1.330	-14.648
4480.960	1.330	-14.575
4480.970	1.330	-14.648
4480.980	1.360	-15.015
4480.990	1.360	-14.575
4481.000	1.360	-14.795
4481.010	1.360	-15.161
4481.020	1.360	-14.722
4481.030	1.360	-15.088
4481.040	1.340	-15.015
4481.050	1.340	-14.648
4481.060	1.340	-14.941
4481.070	1.340	-14.795
4481.080	1.340	-14.575
4481.090	1.340	-14.795
4481.100	1.310	-14.575
4481.110	1.310	-14.429
4481.120	1.310	-14.209
4481.130	1.270	-14.209
4481.140	1.270	-14.062
4481.150	1.270	-13.989
4481.160	1.220	-13.843
4481.170	1.220	-13.623
4481.180	1.220	-13.550
4481.190	1.170	-13.037
4481.200	1.170	-12.524
4481.210	1.170	-12.891
4481.220	1.090	-12.305
4481.230	1.090	-12.305
4481.240	1.090	-11.646
4481.250	1.020	-11.426
4481.260	1.020	-11.426
4481.270	1.020	-10.547
4481.280	0.930	-10.620
4481.290	0.930	-10.181
4481.300	0.930	-9.888
4481.310	0.830	-9.888
4481.320	0.830	-9.521
4481.330	0.830	-9.155
4481.340	0.720	-8.643
4481.350	0.720	-8.423
4481.360	0.720	-7.910
4481.370	0.600	-7.471
4481.380	0.600	-7.251
4481.390	0.600	-6.885
4481.400	0.500	-6.592
4481.410	0.500	-6.079
4481.420	0.500	-5.347
4481.430	0.390	-4.980
4481.440	0.390	-4.541
4481.450	0.390	-4.028
4481.460	0.250	-3.662
4481.470	0.250	-3.223
4481.480	0.250	-2.856
4481.490	0.140	-2.271
4481.500	0.140	-1.758
4481.510	0.140	-1.465
4481.520	0.020	-1.025
4481.530	0.020	-0.659
4481.540	0.020	-0.366
4481.550	-0.090	0.073
4481.560	-0.090	0.513
4481.570	-0.090	0.879
4481.580	-0.210	1.245
4481.590	-0.210	1.611
4481.600	-0.210	1.978
4481.610	-0.310	2.637
4481.620	-0.310	3.003
4481.630	-0.310	3.369
4481.640	-0.420	3.735
4481.650	-0.420	4.175
4481.660	-0.420	4.614
4481.670	-0.510	4.907
4481.680	-0.510	5.200
4481.690	-0.510	6.299
4481.700	-0.600	6.299
4481.710	-0.600	6.372
4481.720	-0.600	6.958
4481.730	-0.690	6.958
4481.740	-0.690	7.178
4481.750	-0.690	7.910
4481.760	-0.790	7.910
4481.770	-0.790	8.423
4481.780	-0.790	8.643
4481.790	-0.860	8.643
4481.800	-0.860	9.229
4481.810	-0.860	9.668
4481.820	-0.920	9.668
4481.830	-0.920	9.888
4481.840	-0.920	10.400
4481.850	-1.000	10.400
4481.860	-1.000	10.840
4481.870	-1.000	11.353
4481.880	-1.040	11.353
4481.890	-1.040	11.572
4481.900	-1.040	11.646
4481.910	-1.090	11.646
4481.920	-1.090	11.938
4481.930	-1.090	12.085
4481.940	-1.120	12.085
4481.950	-1.120	12.231
4481.960	-1.120	12.817
4481.970	-1.120	12.817
4481.980	-1.120	12.305
4481.990	-1.120	12.598
4482.000	-1.150	12.598
4482.010	-1.150	12.891
4482.020	-1.150	12.891
4482.030	-1.140	12.891
4482.040	-1.140	12.891
4482.050	-1.140	12.598
4482.060	-1.140	12.598
4482.070	-1.140	12.598
4482.080	-1.140	12.451
4482.090	-1.120	12.451
4482.100	-1.120	12.598
4482.110	-1.120	12.524
4482.120	-1.090	12.891
4482.130	-1.090	12.158
4482.140	-1.090	12.085
4482.150	-1.060	12.085
4482.160	-1.060	12.158
4482.170	-1.060	11.426
4482.180	-0.990	11.426
4482.190	-0.990	11.572
4482.200	-0.990	11.060
4482.210	-0.940	11.060
4482.220	-0.940	10.400
4482.230	-0.940	10.181
4482.240	-0.860	10.181
4482.250	-0.860	9.961
4482.260	-0.860	9.448
4482.270	-0.770	9.448
4482.280	-0.770	9.009
4482.290	-0.770	8.496
4482.300	-0.690	8.496
4482.310	-0.690	8.057
4482.320	-0.690	7.471
4482.330	-0.580	7.471
4482.340	-0.580	6.958
4482.350	-0.580	6.519
4482.360	-0.460	5.933
4482.370	-0.460	5.859
4482.380	-0.460	5.640
4482.390	-0.350	4.907
4482.400	-0.350	4.468
4482.410	-0.350	4.028
4482.420	-0.210	3.442
4482.430	-0.210	3.003
4482.440	-0.210	2.637
4482.450	-0.070	2.271
4482.460	-0.070	1.904
4482.470	-0.070	1.245
4482.480	0.050	0.659
4482.490	0.050	0.220
4482.500	0.050	-0.293
4482.510	0.190	-0.732
4482.520	0.190	-1.392
4482.530	0.190	-1.978
4482.540	0.320	-2.344
4482.550	0.320	-2.710
4482.560	0.320	-3.149
4482.570	0.460	-3.735
4482.580	0.460	-4.248
4482.590	0.460	-4.687
4482.600	0.570	-5.273
4482.610	0.570	-5.859
4482.620	0.570	-5.933
4482.630	0.680	-6.152
4482.640	0.680	-6.738
4482.650	0.680	-7.178
4482.660	0.760	-7.910
4482.670	0.760	-8.057
4482.680	0.760	-8.203
4482.690	0.860	-8.789
4482.700	0.860	-8.862
4482.710	0.860	-9.302
4482.720	0.950	-9.595
4482.730	0.950	-10.034
4482.740	0.950	-10.181
4482.750	1.030	-10.840
4482.760	1.030	-10.547
4482.770	1.030	-11.060
4482.780	1.100	-11.499
4482.790	1.100	-11.865
4482.800	1.100	-11.938
4482.810	1.170	-12.012
4482.820	1.170	-12.671
4482.830	1.170	-12.671
4482.840	1.220	-13.037
4482.850	1.220	-12.891
4482.860	1.220	-13.623
4482.870	1.280	-13.623
4482.880	1.280	-13.770
4482.890	1.280	-13.916
4482.900	1.310	-14.062
4482.910	1.310	-14.209
4482.920	1.310	-14.355
4482.930	1.340	-14.502
4482.940	1.340	-14.648
4482.950	1.340	-15.015
4482.960	1.370	-14.648
4482.970	1.370	-14.868
4482.980	1.370	-15.161
4482.990	1.390	-14.868
4483.000	1.390	-15.308
4483.010	1.390	-15.308
4483.020	1.380	-15.088
4483.030	1.380	-15.308
4483.040	1.380	-15.234
4483.050	1.380	-15.088
4483.060	1.380	-15.308
4483.070	1.380	-15.161
4483.080	1.370	-15.015
4483.090	1.370	-15.015
4483.100	1.370	-14.722
4483.110	1.320	-14.941
4483.120	1.320	-14.575
4483.130	1.320	-14.502
4483.140	1.280	-14.575
4483.150	1.280	-14.062
4483.160	1.280	-14.062
4483.170	1.230	-13.989
4483.180	1.230	-13.916
4483.190	1.230	-13.477
4483.200	1.170	-13.550
4483.210	1.170	-12.964
4483.220	1.170	-13.037
4483.230	1.090	-12.524
4483.240	1.090	-12.085
4483.250	1.090	-12.012
4483.260	1.020	-11.938
4483.270	1.020	-11.426
4483.280	1.020	-10.986
4483.290	0.920	-10.913
4483.300	0.920	-10.400
4483.310	0.920	-10.254
4483.320	0.810	-9.741
4483.330	0.810	-9.375
4483.340	0.810	-9.082
4483.350	0.710	-8.716
4483.360	0.710	-7.983
4483.370	0.710	-7.983
4483.380	0.600	-7.544
4483.390	0.600	-7.104
4483.400	0.600	-6.592
4483.410	0.480	-5.933
4483.420	0.480	-5.713
4483.430	0.480	-5.493
4483.440	0.350	-4.907
4483.450	0.350	-4.395
4483.460	0.350	-3.955
4483.470	0.210	-3.296
4483.480	0.210	-2.710
4483.490	0.210	-2.344
4483.500	0.080	-1.978
4483.510	0.080	-1.611
4483.520	0.080	-1.099
4483.530	-0.030	-0.586
4483.540	-0.030	-0.146
4483.550	-0.030	0.220
4483.560	-0.140	0.732
4483.570	-0.140	1.611
4483.580	-0.140	1.611
4483.590	-0.260	1.978
4483.600	-0.260	2.344
4483.610	-0.260	2.710
4483.620	-0.370	3.223
4483.630	-0.370	3.809
4483.640	-0.370	4.248
4483.650	-0.470	4.541
4483.660	-0.470	4.907
4483.670	-0.470	5.273
4483.680	-0.570	5.420
4483.690	-0.570	5.786
4483.700	-0.570	6.372
4483.710	-0.650	6.812
4483.720	-0.650	7.031
4483.730	-0.650	7.251
4483.740	-0.730	7.397
4483.750	-0.730	7.910
4483.760	-0.730	8.276
4483.770	-0.830	8.476
4483.780	-0.830	9.021
4483.790	-0.830	9.168
4483.800	-0.910	9.534
4483.810	-0.910	9.681
4483.820	-0.910	10.120
4483.830	-0.970	10.120
4483.840	-0.970	10.779
4483.850	-0.970	10.852
4483.860	-1.050	11.145
4483.870	-1.050	11.092
4483.880	-1.050	11.499
4483.890	-1.080	11.865
4483.900	-1.080	11.865
4483.910	-1.080	12.012
4483.920	-1.130	12.305
4483.930	-1.130	12.671
4483.940	-1.130	12.378
4483.950	-1.160	12.817
4483.960	-1.160	12.598
4483.970	-1.160	13.110
4483.980	-1.170	12.744
4483.990	-1.170	13.184
4484.000	-1.170	13.184
4484.010	-1.210	13.330
4484.020	-1.210	13.184
4484.030	-1.210	13.184
4484.040	-1.190	13.477
4484.050	-1.190	12.964
4484.060	-1.190	13.403
4484.070	-1.190	13.330
4484.080	-1.190	13.477
4484.090	-1.190	13.037
4484.100	-1.160	13.037
4484.110	-1.160	13.110
4484.120	-1.160	12.744
4484.130	-1.110	12.891
4484.140	-1.110	12.671
4484.150	-1.110	12.891
4484.160	-1.080	12.158
4484.170	-1.080	12.085
4484.180	-1.080	11.938
4484.190	-1.010	12.012
4484.200	-1.010	11.206
4484.210	-1.010	11.426
4484.220	-0.950	10.840
4484.230	-0.950	10.840
4484.240	-0.950	10.181
4484.250	-0.870	10.181
4484.260	-0.870	10.034
4484.270	-0.870	9.521
4484.280	-0.780	9.521
4484.290	-0.780	9.155
4484.300	-0.780	8.569
4484.310	-0.700	8.569
4484.320	-0.700	7.910
4484.330	-0.700	7.471
4484.340	-0.590	7.178
4484.350	-0.590	6.958
4484.360	-0.590	6.445
4484.370	-0.470	6.445
4484.380	-0.470	6.079
4484.390	-0.470	5.054
4484.400	-0.350	5.054
4484.410	-0.350	4.687
4484.420	-0.350	3.589
4484.430	-0.240	3.589
4484.440	-0.240	3.003
4484.450	-0.240	2.197
4484.460	-0.100	2.197
4484.470	-0.100	1.611
4484.480	-0.100	0.806
4484.490	0.030	0.806
4484.500	0.030	0.366
4484.510	0.030	0.073
4484.520	0.160	-0.293
4484.530	0.160	-0.659
4484.540	0.160	-1.099
4484.550	0.300	-1.611
4484.560	0.300	-2.197
4484.570	0.300	-2.710
4484.580	0.410	-3.149
4484.590	0.410	-3.735
4484.600	0.410	-4.395
4484.610	0.520	-4.761
4484.620	0.520	-5.054
4484.630	0.520	-5.566
4484.640	0.620	-6.006
4484.650	0.620	-6.299
4484.660	0.620	-6.812
4484.670	0.710	-7.104
4484.680	0.710	-7.178
4484.690	0.710	-7.544
4484.700	0.800	-7.690
4484.710	0.800	-8.203
4484.720	0.800	-8.789
4484.730	0.880	-8.862
4484.740	0.880	-9.229
4484.750	0.880	-9.448
4484.760	0.950	-9.814
4484.770	0.950	-9.814
4484.780	0.950	-10.474
4484.790	1.020	-10.547
4484.800	1.020	-11.060
4484.810	1.020	-11.060
4484.820	1.080	-11.353
4484.830	1.080	-11.646
4484.840	1.080	-11.938
4484.850	1.150	-12.012
4484.860	1.150	-12.085
4484.870	1.150	-12.744
4484.880	1.200	-12.744
4484.890	1.200	-13.037
4484.900	1.200	-12.817
4484.910	1.240	-13.403
4484.920	1.240	-13.184
4484.930	1.240	-13.477
4484.940	1.260	-13.770
4484.950	1.260	-13.843
4484.960	1.260	-13.843
4484.970	1.290	-13.916
4484.980	1.290	-13.916
4484.990	1.290	-13.989
4485.000	1.270	-13.989
4485.010	1.270	-14.062
4485.020	1.270	-14.062
4485.030	1.270	-14.136
4485.040	1.270	-13.989
4485.050	1.270	-13.989
4485.060	1.270	-13.989
4485.070	1.270	-13.843
4485.080	1.270	-13.989
4485.090	1.240	-13.843
4485.100	1.240	-13.843
4485.110	1.240	-13.550
4485.120	1.210	-13.550
4485.130	1.210	-13.477
4485.140	1.210	-13.037
4485.150	1.170	-13.403
4485.160	1.170	-12.891
4485.170	1.170	-12.817
4485.180	1.110	-12.524
4485.190	1.110	-12.451
4485.200	1.110	-12.085
4485.210	1.030	-11.719
4485.220	1.030	-11.646
4485.230	1.030	-11.572
4485.240	0.960	-11.279
4485.250	0.960	-10.693
4485.260	0.960	-10.693
4485.270	0.870	-10.181
4485.280	0.870	-10.181
4485.290	0.870	-9.595
4485.300	0.780	-9.302
4485.310	0.780	-8.936
4485.320	0.780	-8.643
4485.330	0.670	-7.910
4485.340	0.670	-7.617
4485.350	0.670	-7.544
4485.360	0.550	-7.031
4485.370	0.550	-6.592
4485.380	0.550	-5.786
4485.390	0.440	-5.493
4485.400	0.440	-5.273
4485.410	0.440	-4.834
4485.420	0.310	-4.395
4485.430	0.310	-4.028
4485.440	0.310	-3.589
4485.450	0.180	-2.856
4485.460	0.180	-2.417
4485.470	0.180	-2.124
4485.480	0.070	-1.831
4485.490	0.070	-1.392
4485.500	0.070	-0.952
4485.510	-0.040	-0.439
4485.520	-0.040	0.000
4485.530	-0.040	0.439
4485.540	-0.160	0.952
4485.550	-0.160	1.392
4485.560	-0.160	1.685
4485.570	-0.270	2.051
4485.580	-0.270	2.344
4485.590	-0.270	2.710
4485.600	-0.380	3.369
4485.610	-0.380	3.809
4485.620	-0.380	4.102
4485.630	-0.480	4.468
4485.640	-0.480	4.907
4485.650	-0.480	5.127
4485.660	-0.570	5.420
4485.670	-0.570	6.006
4485.680	-0.570	6.665
4485.690	-0.680	6.958
4485.700	-0.680	7.178
4485.710	-0.680	7.397
4485.720	-0.770	7.764
4485.730	-0.770	8.350
4485.740	-0.770	8.423
4485.750	-0.850	9.009
4485.760	-0.850	9.229
4485.770	-0.850	9.521
4485.780	-0.940	9.741
4485.790	-0.940	10.254
4485.800	-0.940	10.254
4485.810	-1.010	10.693
4485.820	-1.010	11.060
4485.830	-1.010	11.279
4485.840	-1.070	11.426
4485.850	-1.070	11.646
4485.860	-1.070	12.085
4485.870	-1.140	12.305
4485.880	-1.140	12.158
4485.890	-1.140	12.524
4485.900	-1.180	13.037
4485.910	-1.180	12.964
4485.920	-1.180	13.257
4485.930	-1.230	13.184
4485.940	-1.230	13.623
4485.950	-1.230	13.477
4485.960	-1.260	13.843
4485.970	-1.260	13.916
4485.980	-1.260	13.989
4485.990	-1.260	14.062
4486.000	-1.260	14.062
4486.010	-1.260	14.136
4486.020	-1.300	14.282
4486.030	-1.300	14.282
4486.040	-1.300	14.209
4486.050	-1.270	14.429
4486.060	-1.270	14.209
4486.070	-1.270	14.209
4486.080	-1.280	14.355
4486.090	-1.280	14.282
4486.100	-1.280	14.282
4486.110	-1.240	14.062
4486.120	-1.240	13.916
4486.130	-1.240	13.843
4486.140	-1.200	13.843
4486.150	-1.200	13.477
