% Time (s)	Gyro Output (rads/s)	Input Rate (RPM)	%9/9/20212:39 PM
0.000	0.000	0.000
4406.350	0.010	0.000
4406.360	0.010	0.000
4406.370	0.010	0.000
4406.380	0.010	0.000
4406.390	0.010	0.000
4406.400	0.010	0.000
4406.410	0.010	0.000
4406.420	0.010	0.000
4406.430	0.010	0.000
4406.440	0.010	0.000
4406.450	0.010	0.000
4406.460	0.010	0.000
4406.470	0.010	0.000
4406.480	0.010	0.000
4406.490	0.010	0.000
4406.500	0.010	0.000
4406.510	0.010	0.000
4406.520	0.010	0.000
4406.530	0.010	0.000
4406.540	0.010	0.000
4406.550	0.010	0.000
4406.560	0.010	0.000
4406.570	0.010	0.000
4406.580	0.010	0.000
4406.590	0.010	0.000
4406.600	0.010	0.000
4406.610	0.010	0.000
4406.620	0.010	0.000
4406.630	0.010	0.000
4406.640	0.010	0.000
4406.650	0.010	0.000
4406.660	0.010	0.000
4406.670	0.010	0.000
4406.680	0.010	0.000
4406.690	0.010	0.000
4406.700	0.010	0.000
4406.710	0.010	0.000
4406.720	0.010	0.000
4406.730	0.010	0.000
4406.740	0.010	0.000
4406.750	0.010	0.000
4406.760	0.010	0.000
4406.770	0.010	0.000
4406.780	0.010	0.000
4406.790	0.010	0.000
4406.800	0.010	0.000
4406.810	0.010	0.000
4406.820	0.010	0.000
4406.830	0.010	0.000
4406.840	0.010	0.000
4406.850	0.010	0.000
4406.860	0.010	0.000
4406.870	0.010	0.000
4406.880	0.010	0.000
4406.890	0.010	0.000
4406.900	0.010	0.000
4406.910	0.010	0.000
4406.920	0.010	0.000
4406.930	0.010	0.000
4406.940	0.010	0.000
4406.950	0.010	0.000
4406.960	0.010	0.000
4406.970	0.010	0.000
4406.980	0.010	0.000
4406.990	0.010	0.000
4407.000	0.010	0.000
4407.010	0.010	0.000
4407.020	0.010	0.000
4407.030	0.010	0.000
4407.040	0.010	0.000
4407.050	0.010	0.000
4407.060	0.010	0.000
4407.070	0.010	0.000
4407.080	0.010	0.000
4407.090	0.010	0.000
4407.100	0.010	0.000
4407.110	0.010	0.000
4407.120	0.010	0.000
4407.130	0.010	0.000
4407.140	0.010	0.000
4407.150	0.010	0.000
4407.160	0.010	0.000
4407.170	0.010	0.000
4407.180	0.010	0.000
4407.190	0.010	0.000
4407.200	0.010	0.000
4407.210	0.010	0.000
4407.220	0.010	0.000
4407.230	0.010	0.000
4407.240	0.010	0.000
4407.250	0.010	0.000
4407.260	0.010	0.000
4407.270	0.010	0.000
4407.280	0.010	0.000
4407.290	0.010	0.000
4407.300	0.010	0.000
4407.310	0.010	0.000
4407.320	0.010	0.000
4407.330	0.010	0.000
4407.340	0.010	0.000
4407.350	0.010	0.000
4407.360	0.010	0.000
4407.370	0.010	0.000
4407.380	0.010	0.000
4407.390	0.010	0.000
4407.400	0.010	0.000
4407.410	0.010	0.000
4407.420	0.010	0.000
4407.430	0.010	0.000
4407.440	0.010	0.000
4407.450	0.010	0.000
4407.460	0.010	0.000
4407.470	0.010	0.000
4407.480	0.010	0.000
4407.490	0.010	0.000
4407.500	0.010	0.000
4407.510	0.010	0.000
4407.520	0.010	0.000
4407.530	0.010	0.000
4407.540	0.010	0.000
4407.550	0.010	0.000
4407.560	0.010	0.000
4407.570	0.010	0.000
4407.580	0.010	0.000
4407.590	0.010	0.000
4407.600	0.010	0.000
4407.610	0.010	0.000
4407.620	0.010	0.000
4407.630	0.010	0.000
4407.640	0.010	0.000
4407.650	0.010	0.000
4407.660	0.010	0.000
4407.670	0.010	0.000
4407.680	0.010	0.000
4407.690	0.010	0.000
4407.700	0.010	0.000
4407.710	0.010	0.000
4407.720	0.010	0.000
4407.730	0.010	0.000
4407.740	0.010	0.000
4407.750	0.010	0.000
4407.760	0.010	0.000
4407.770	0.010	0.000
4407.780	0.010	0.000
4407.790	0.010	0.000
4407.800	0.010	0.000
4407.810	0.010	0.000
4407.820	0.010	0.000
4407.830	0.010	0.000
4407.840	0.010	0.000
4407.850	0.010	0.000
4407.860	0.010	0.000
4407.870	0.010	0.000
4407.880	0.010	0.000
4407.890	0.010	0.000
4407.900	0.010	0.000
4407.910	0.010	0.000
4407.920	0.010	0.000
4407.930	0.010	0.000
4407.940	0.010	0.000
4407.950	0.010	0.000
4407.960	0.010	0.000
4407.970	0.010	0.000
4407.980	0.010	0.000
4407.990	0.010	0.000
4408.000	0.010	0.000
4408.010	0.010	0.000
4408.020	0.010	0.000
4408.030	0.010	0.000
4408.040	0.010	0.000
4408.050	0.010	0.000
4408.060	0.010	0.000
4408.070	0.010	0.000
4408.080	0.010	0.000
4408.090	0.010	0.000
4408.100	0.010	0.000
4408.110	0.010	0.000
4408.120	0.010	0.000
4408.130	0.010	0.000
4408.140	0.010	0.000
4408.150	0.010	0.000
4408.160	0.010	0.000
4408.170	0.010	0.000
4408.180	0.010	0.000
4408.190	0.010	0.000
4408.200	0.010	0.000
4408.210	0.010	0.000
4408.220	0.010	0.000
4408.230	0.010	0.000
4408.240	0.010	0.000
4408.250	0.010	0.000
4408.260	0.010	0.000
4408.270	0.010	0.000
4408.280	0.010	0.000
4408.290	0.010	0.000
4408.300	0.010	0.000
4408.310	0.010	0.000
4408.320	0.010	0.000
4408.330	0.010	0.000
4408.340	0.010	0.000
4408.350	0.010	0.000
4408.360	0.010	0.000
4408.370	0.010	0.000
4408.380	0.010	0.000
4408.390	0.010	0.000
4408.400	0.010	0.000
4408.410	0.010	0.000
4408.420	0.010	0.000
4408.430	0.010	0.000
4408.440	0.010	0.000
4408.450	0.010	0.000
4408.460	0.010	0.000
4408.470	0.010	0.000
4408.480	0.010	0.000
4408.490	0.010	0.000
4408.500	0.010	0.000
4408.510	0.010	0.000
4408.520	0.010	0.000
4408.530	0.010	0.000
4408.540	0.010	0.000
4408.550	0.010	0.000
4408.560	0.010	0.000
4408.570	0.010	0.000
4408.580	0.010	0.000
4408.590	0.010	0.000
4408.600	0.010	0.000
4408.610	0.010	0.000
4408.620	0.010	0.000
4408.630	0.010	0.000
4408.640	0.010	0.000
4408.650	0.010	0.000
4408.660	0.010	0.000
4408.670	0.010	0.000
4408.680	0.010	0.000
4408.690	0.010	0.000
4408.700	0.010	0.000
4408.710	0.010	0.000
4408.720	0.010	0.000
4408.730	0.010	0.000
4408.740	0.010	0.000
4408.750	0.010	0.000
4408.760	0.010	0.000
4408.770	0.010	0.000
4408.780	0.010	0.000
4408.790	0.010	0.000
4408.800	0.010	0.000
4408.810	0.010	0.000
4408.820	0.010	0.000
4408.830	0.010	0.000
4408.840	0.010	0.000
4408.850	0.010	0.000
4408.860	0.010	0.000
4408.870	0.010	0.000
4408.880	0.010	0.000
4408.890	0.010	0.000
4408.900	0.010	0.000
4408.910	0.010	0.000
4408.920	0.010	0.000
4408.930	0.010	0.000
4408.940	0.010	0.000
4408.950	0.010	0.000
4408.960	0.010	0.000
4408.970	0.010	0.000
4408.980	0.010	0.000
4408.990	0.010	0.000
4409.000	0.010	0.000
4409.010	0.010	0.000
4409.020	0.010	0.000
4409.030	0.010	0.000
4409.040	0.010	0.000
4409.050	0.010	0.000
4409.060	0.010	0.000
4409.070	0.010	0.000
4409.080	0.010	0.000
4409.090	0.010	0.000
4409.100	0.010	0.000
4409.110	0.010	0.000
4409.120	0.010	0.000
4409.130	0.010	0.000
4409.140	0.010	0.000
4409.150	0.010	0.000
4409.160	0.010	0.000
4409.170	0.010	0.000
4409.180	0.010	0.000
4409.190	0.010	0.000
4409.200	0.010	0.000
4409.210	0.010	0.000
4409.220	0.010	0.000
4409.230	0.010	0.000
4409.240	0.010	0.000
4409.250	0.010	0.000
4409.260	0.010	0.000
4409.270	0.010	0.000
4409.280	0.010	0.000
4409.290	0.010	0.000
4409.300	0.010	0.000
4409.310	0.010	0.000
4409.320	0.010	0.000
4409.330	0.010	0.000
4409.340	0.010	0.000
4409.350	0.010	0.000
4409.360	0.010	0.000
4409.370	0.010	0.000
4409.380	0.010	0.000
4409.390	0.010	0.000
4409.400	0.010	0.000
4409.410	0.010	0.000
4409.420	0.010	0.000
4409.430	0.010	0.000
4409.440	0.010	0.000
4409.450	0.010	0.000
4409.460	0.010	0.000
4409.470	0.010	0.000
4409.480	0.010	0.000
4409.490	0.010	0.000
4409.500	0.010	0.000
4409.510	0.010	0.000
4409.520	0.010	0.000
4409.530	0.010	0.000
4409.540	0.010	0.000
4409.550	0.010	0.000
4409.560	0.010	0.000
4409.570	0.010	0.000
4409.580	0.010	0.000
4409.590	0.010	0.000
4409.600	0.010	0.000
4409.610	0.010	0.000
4409.620	0.010	0.000
4409.630	0.010	0.000
4409.640	0.010	0.000
4409.650	0.010	0.000
4409.660	0.010	0.000
4409.670	0.010	0.000
4409.680	0.010	0.000
4409.690	0.010	0.000
4409.700	0.010	0.000
4409.710	0.010	0.000
4409.720	0.010	0.000
4409.730	0.010	0.000
4409.740	0.010	0.000
4409.750	0.010	0.000
4409.760	0.010	0.000
4409.770	0.010	0.000
4409.780	0.010	0.000
4409.790	0.010	0.000
4409.800	0.010	0.000
4409.810	0.010	0.000
4409.820	0.010	0.000
4409.830	0.010	0.000
4409.840	0.010	0.000
4409.850	0.010	0.000
4409.860	0.010	0.000
4409.870	0.010	0.000
4409.880	0.010	0.000
4409.890	0.010	0.000
4409.900	0.010	0.000
4409.910	0.010	0.000
4409.920	0.010	0.000
4409.930	0.010	0.000
4409.940	0.010	0.000
4409.950	0.010	0.000
4409.960	0.010	0.000
4409.970	0.010	0.000
4409.980	0.010	0.000
4409.990	0.010	0.000
4410.000	0.010	0.000
4410.010	0.010	0.000
4410.020	0.010	0.000
4410.030	0.010	0.000
4410.040	0.010	0.000
4410.050	0.010	0.000
4410.060	0.010	0.000
4410.070	0.010	0.000
4410.080	0.010	0.000
4410.090	0.010	0.000
4410.100	0.010	0.000
4410.110	0.010	0.000
4410.120	0.010	0.000
4410.130	0.010	0.000
4410.140	0.010	0.000
4410.150	0.010	0.000
4410.160	0.010	0.000
4410.170	0.010	0.000
4410.180	0.010	0.000
4410.190	0.010	0.000
4410.200	0.010	0.000
4410.210	0.010	0.000
4410.220	0.010	0.000
4410.230	0.010	0.000
4410.240	0.010	0.000
4410.250	0.010	0.000
4410.260	0.010	0.000
4410.270	0.010	0.000
4410.280	0.010	0.000
4410.290	0.010	0.000
4410.300	0.010	0.000
4410.310	0.010	0.000
4410.320	0.010	0.000
4410.330	0.010	0.000
4410.340	0.010	0.000
4410.350	0.010	0.000
4410.360	0.010	0.000
4410.370	0.010	0.000
4410.380	0.010	0.000
4410.390	0.010	0.000
4410.400	0.010	0.000
4410.410	0.010	0.000
4410.420	0.010	0.000
4410.430	0.010	0.000
4410.440	0.010	0.000
4410.450	0.010	0.000
4410.460	0.010	0.000
4410.470	0.010	0.000
4410.480	0.010	0.000
4410.490	0.010	0.000
4410.500	0.010	0.000
4410.510	0.010	0.000
4410.520	0.010	0.000
4410.530	0.010	0.000
4410.540	0.010	0.000
4410.550	0.010	0.000
4410.560	0.010	0.000
4410.570	0.010	0.000
4410.580	0.010	0.000
4410.590	0.010	0.000
4410.600	0.010	0.000
4410.610	0.010	0.000
4410.620	0.010	0.000
4410.630	0.010	0.000
4410.640	0.010	0.000
4410.650	0.010	0.000
4410.660	0.010	0.000
4410.670	0.010	0.000
4410.680	0.010	0.000
4410.690	0.010	0.000
4410.700	0.010	0.000
4410.710	0.010	0.000
4410.720	0.010	0.000
4410.730	0.010	0.000
4410.740	0.010	0.000
4410.750	0.010	0.000
4410.760	0.010	0.000
4410.770	0.010	0.000
4410.780	0.010	0.000
4410.790	0.010	0.000
4410.800	0.010	0.000
4410.810	0.010	0.000
4410.820	0.010	0.000
4410.830	0.010	0.000
4410.840	0.010	0.000
4410.850	0.010	0.000
4410.860	0.010	0.000
4410.870	0.010	0.000
4410.880	0.010	0.000
4410.890	0.010	0.000
4410.900	0.010	0.000
4410.910	0.010	0.000
4410.920	0.010	0.000
4410.930	0.010	0.000
4410.940	0.010	0.000
4410.950	0.010	0.000
4410.960	0.010	0.000
4410.970	0.010	0.000
4410.980	0.010	0.000
4410.990	0.010	0.000
4411.000	0.010	0.000
4411.010	0.010	0.000
4411.020	0.010	0.000
4411.030	0.010	0.000
4411.040	0.010	0.000
4411.050	0.010	0.000
4411.060	0.010	0.000
4411.070	0.010	0.000
4411.080	0.010	0.000
4411.090	0.010	0.000
4411.100	0.010	0.000
4411.110	0.010	0.000
4411.120	0.010	0.000
4411.130	0.010	0.000
4411.140	0.010	0.000
4411.150	0.010	0.000
4411.160	0.010	0.000
4411.170	0.010	0.000
4411.180	0.010	0.000
4411.190	0.010	0.000
4411.200	0.010	0.000
4411.210	0.010	0.000
4411.220	0.010	0.000
4411.230	0.010	0.000
4411.240	0.010	0.000
4411.250	0.010	0.000
4411.260	0.010	0.000
4411.270	0.010	0.000
4411.280	0.010	0.000
4411.290	0.010	0.000
4411.300	0.010	0.000
4411.310	0.010	0.000
4411.320	0.010	0.000
4411.330	0.010	0.000
4411.340	0.010	0.000
4411.350	0.010	0.000
4411.360	0.010	0.000
4411.370	0.010	0.000
4411.380	0.010	0.000
4411.390	0.010	0.000
4411.400	0.010	0.000
4411.410	0.010	0.000
4411.420	0.010	0.000
4411.430	0.010	0.000
4411.440	0.010	0.000
4411.450	0.010	0.000
4411.460	0.010	0.000
4411.470	0.010	0.000
4411.480	0.010	0.000
4411.490	0.010	0.000
4411.500	0.010	0.000
4411.510	0.010	0.000
4411.520	0.010	0.000
4411.530	0.010	0.000
4411.540	0.010	0.000
4411.550	0.010	0.000
4411.560	0.010	0.000
4411.570	0.010	0.000
4411.580	0.010	0.000
4411.590	0.010	0.000
4411.600	0.010	0.000
4411.610	0.010	0.000
4411.620	0.010	0.000
4411.630	0.010	0.000
4411.640	0.010	0.000
4411.650	0.010	0.000
4411.660	0.010	0.000
4411.670	0.010	0.000
4411.680	0.010	0.000
4411.690	0.010	0.000
4411.700	0.010	0.000
4411.710	0.010	0.000
4411.720	0.010	0.000
4411.730	0.010	0.000
4411.740	0.010	0.000
4411.750	0.010	0.000
4411.760	0.010	0.000
4411.770	0.010	0.000
4411.780	0.010	0.000
4411.790	0.010	0.000
4411.800	0.010	0.000
4411.810	0.010	0.000
4411.820	0.010	0.000
4411.830	0.010	0.000
4411.840	0.010	0.000
4411.850	0.010	0.000
4411.860	0.010	0.000
4411.870	0.010	0.000
4411.880	0.010	0.000
4411.890	0.010	0.000
4411.900	0.010	0.000
4411.910	0.010	0.000
4411.920	0.010	0.000
4411.930	0.010	0.000
4411.940	0.010	0.000
4411.950	0.010	0.000
4411.960	0.010	0.000
4411.970	0.010	0.000
4411.980	0.010	0.000
4411.990	0.010	0.000
4412.000	0.010	0.000
4412.010	0.010	0.000
4412.020	0.010	0.000
4412.030	0.010	0.000
4412.040	0.010	0.000
4412.050	0.010	0.000
4412.060	0.010	0.000
4412.070	0.010	0.000
4412.080	0.010	0.000
4412.090	0.010	0.000
4412.100	0.010	0.000
4412.110	0.010	0.000
4412.120	0.010	0.000
4412.130	0.010	0.000
4412.140	0.010	0.000
4412.150	0.010	0.000
4412.160	0.010	0.000
4412.170	0.010	0.000
4412.180	0.010	0.000
4412.190	0.010	0.000
4412.200	0.010	0.000
4412.210	0.010	0.000
4412.220	0.010	0.000
4412.230	0.010	0.000
4412.240	0.010	0.000
4412.250	0.010	0.000
4412.260	0.010	0.000
4412.270	0.010	0.000
4412.280	0.010	0.000
4412.290	0.010	0.000
4412.300	0.010	0.000
4412.310	0.010	0.000
4412.320	0.010	0.000
4412.330	0.010	0.000
4412.340	0.010	0.000
4412.350	0.010	0.000
4412.360	0.010	0.000
4412.370	0.010	0.000
4412.380	0.010	0.000
4412.390	0.010	0.000
4412.400	0.010	0.000
4412.410	0.010	0.000
4412.420	0.010	0.000
4412.430	0.010	0.000
4412.440	0.010	0.000
4412.450	0.010	0.000
4412.460	0.010	0.000
4412.470	0.010	0.000
4412.480	0.010	0.000
4412.490	0.010	0.000
4412.500	0.010	0.000
4412.510	0.010	0.000
4412.520	0.010	0.000
4412.530	0.010	0.000
4412.540	0.010	0.000
4412.550	0.010	0.000
4412.560	0.010	0.000
4412.570	0.010	0.000
4412.580	0.010	0.000
4412.590	0.010	0.000
4412.600	0.010	0.000
4412.610	0.010	0.000
4412.620	0.010	0.000
4412.630	0.010	0.000
4412.640	0.010	0.000
4412.650	0.010	0.000
4412.660	0.010	0.000
4412.670	0.010	0.000
4412.680	0.010	0.000
4412.690	0.010	0.000
4412.700	0.010	0.000
4412.710	0.010	0.000
4412.720	0.010	0.000
4412.730	0.010	0.000
4412.740	0.010	0.000
4412.750	0.010	0.000
4412.760	0.010	0.000
4412.770	0.010	0.000
4412.780	0.010	0.000
4412.790	0.010	0.000
4412.800	0.010	0.000
4412.810	0.010	0.000
4412.820	0.010	0.000
4412.830	0.010	0.000
4412.840	0.010	0.000
4412.850	0.010	0.000
4412.860	0.010	0.000
4412.870	0.010	0.000
4412.880	0.010	0.000
4412.890	0.010	0.000
4412.900	0.010	0.000
4412.910	0.010	0.000
4412.920	0.010	0.000
4412.930	0.010	0.000
4412.940	0.010	0.000
4412.950	0.010	0.000
4412.960	0.010	0.000
4412.970	0.010	0.000
4412.980	0.010	0.000
4412.990	0.010	0.000
4413.000	0.010	0.000
4413.010	0.010	0.000
4413.020	0.010	0.000
4413.030	0.010	0.000
4413.040	0.010	0.000
4413.050	0.010	0.000
4413.060	0.010	0.000
4413.070	0.010	0.000
4413.080	0.010	0.000
4413.090	0.010	0.000
4413.100	0.010	0.000
4413.110	0.010	0.000
4413.120	0.010	0.000
4413.130	0.010	0.000
4413.140	0.010	0.000
4413.150	0.010	0.000
4413.160	0.010	0.000
4413.170	0.010	0.000
4413.180	0.010	0.000
4413.190	0.010	0.000
4413.200	0.010	0.000
4413.210	0.010	0.000
4413.220	0.010	0.000
4413.230	0.010	0.000
4413.240	0.010	0.000
4413.250	0.010	0.000
4413.260	0.010	0.000
4413.270	0.010	0.000
4413.280	0.010	0.000
4413.290	0.010	0.000
4413.300	0.010	0.000
4413.310	0.010	0.000
4413.320	0.010	0.000
4413.330	0.010	0.000
4413.340	0.010	0.000
4413.350	0.010	0.000
4413.360	0.010	0.000
4413.370	0.010	0.000
4413.380	0.010	0.000
4413.390	0.010	0.000
4413.400	0.010	0.000
4413.410	0.010	0.000
4413.420	0.010	0.000
4413.430	0.010	0.000
4413.440	0.010	0.000
4413.450	0.010	0.000
4413.460	0.010	0.000
4413.470	0.010	0.000
4413.480	0.010	0.000
4413.490	0.010	0.000
4413.500	0.010	0.000
4413.510	0.010	0.000
4413.520	0.010	0.000
4413.530	0.010	0.000
4413.540	0.010	0.000
4413.550	0.010	0.000
4413.560	0.010	0.000
4413.570	0.010	0.000
4413.580	0.010	0.000
4413.590	0.010	0.000
4413.600	0.010	0.000
4413.610	0.010	0.000
4413.620	0.010	0.000
4413.630	0.010	0.000
4413.640	0.010	0.000
4413.650	0.010	0.000
4413.660	0.010	0.000
4413.670	0.010	0.000
4413.680	0.010	0.000
4413.690	0.010	0.000
4413.700	0.010	0.000
4413.710	0.010	0.000
4413.720	0.010	0.000
4413.730	0.010	0.000
4413.740	0.010	0.000
4413.750	0.010	0.000
4413.760	0.010	0.000
4413.770	0.010	0.000
4413.780	0.010	0.000
4413.790	0.010	0.000
4413.800	0.010	0.000
4413.810	0.010	0.000
4413.820	0.010	0.000
4413.830	0.010	0.000
4413.840	0.010	0.000
4413.850	0.010	0.000
4413.860	0.010	0.000
4413.870	0.010	0.000
4413.880	0.010	0.000
4413.890	0.010	0.000
4413.900	0.010	0.000
4413.910	0.010	0.000
4413.920	0.010	0.000
4413.930	0.010	0.000
4413.940	0.010	0.000
4413.950	0.010	0.000
4413.960	0.010	0.000
4413.970	0.010	0.000
4413.980	0.010	0.000
4413.990	0.010	0.000
4414.000	0.010	0.000
4414.010	0.010	0.000
4414.020	0.010	0.000
4414.030	0.010	0.000
4414.040	0.010	0.000
4414.050	0.010	0.000
4414.060	0.010	0.000
4414.070	0.010	0.000
4414.080	0.010	0.000
4414.090	0.010	0.000
4414.100	0.010	0.000
4414.110	0.010	0.000
4414.120	0.010	0.000
4414.130	0.010	0.000
4414.140	0.010	0.000
4414.150	0.010	0.000
4416.140	0.010	0.000
4416.150	0.010	0.000
4416.160	0.010	0.000
4416.170	0.010	0.000
4416.180	0.010	0.000
4416.190	0.010	0.000
4416.200	0.010	0.000
4416.210	0.010	0.000
4416.220	0.010	0.000
4416.230	0.010	0.000
4416.240	0.010	-0.073
4416.250	0.010	-0.073
4416.260	0.010	-0.073
4416.270	0.030	-0.146
4416.280	0.030	-0.220
4416.290	0.030	-0.220
4416.300	0.040	-0.293
4416.310	0.040	-0.293
4416.320	0.040	-0.366
4416.330	0.050	-0.439
4416.340	0.050	-0.439
4416.350	0.050	-0.439
4416.360	0.060	-0.513
4416.370	0.060	-0.439
4416.380	0.060	-0.439
4416.390	0.060	-0.513
4416.400	0.060	-0.439
4416.410	0.060	-0.513
4416.420	0.060	-0.439
4416.430	0.060	-0.439
4416.440	0.060	-0.439
4416.450	0.070	-0.439
4416.460	0.070	-0.439
4416.470	0.070	-0.513
4416.480	0.070	-0.439
4416.490	0.070	-0.439
4416.500	0.070	-0.513
4416.510	0.070	-0.439
4416.520	0.070	-0.513
4416.530	0.070	-0.513
4416.540	0.070	-0.439
4416.550	0.070	-0.513
4416.560	0.070	-0.513
4416.570	0.070	-0.513
4416.580	0.070	-0.586
4416.590	0.070	-0.513
4416.600	0.070	-0.513
4416.610	0.070	-0.586
4416.620	0.070	-0.586
4416.630	0.070	-0.586
4416.640	0.070	-0.659
4416.650	0.070	-0.732
4416.660	0.070	-0.732
4416.670	0.070	-0.732
4416.680	0.070	-0.806
4416.690	0.070	-0.806
4416.700	0.070	-0.806
4416.710	0.070	-0.732
4416.720	0.060	-0.732
4416.730	0.060	-0.732
4416.740	0.060	-0.659
4416.750	0.060	-0.659
4416.760	0.060	-0.586
4416.770	0.060	-0.586
4416.780	0.060	-0.513
4416.790	0.060	-0.513
4416.800	0.060	-0.439
4416.810	0.050	-0.513
4416.820	0.050	-0.439
4416.830	0.050	-0.439
4416.840	0.040	-0.366
4416.850	0.040	-0.366
4416.860	0.040	-0.366
4416.870	0.040	-0.293
4416.880	0.040	-0.293
4416.890	0.040	-0.220
4416.900	0.030	-0.293
4416.910	0.030	-0.220
4416.920	0.030	-0.220
4416.930	0.030	-0.146
4416.940	0.030	-0.146
4416.950	0.030	-0.073
4416.960	0.020	-0.073
4416.970	0.020	-0.073
4416.980	0.020	-0.073
4416.990	0.010	-0.073
4417.000	0.010	0.000
4417.010	0.010	0.000
4417.020	0.000	0.000
4417.030	0.000	0.000
4417.040	0.000	0.000
4417.050	-0.010	0.000
4417.060	-0.010	0.073
4417.070	-0.010	0.146
4417.080	-0.010	0.146
4417.090	-0.010	0.146
4417.100	-0.010	0.220
4417.110	-0.020	0.220
4417.120	-0.020	0.293
4417.130	-0.020	0.366
4417.140	-0.030	0.439
4417.150	-0.030	0.439
4417.160	-0.030	0.513
4417.170	-0.040	0.439
4417.180	-0.040	0.439
4417.190	-0.040	0.659
4417.200	-0.050	0.659
4417.210	-0.050	0.659
4417.220	-0.050	0.806
4417.230	-0.060	0.806
4417.240	-0.060	0.806
4417.250	-0.060	0.952
4417.260	-0.060	0.952
4417.270	-0.060	0.879
4417.280	-0.060	1.025
4417.290	-0.070	1.025
4417.300	-0.070	0.952
4417.310	-0.070	0.952
4417.320	-0.080	0.952
4417.330	-0.080	0.952
4417.340	-0.080	0.879
4417.350	-0.090	0.879
4417.360	-0.090	0.879
4417.370	-0.090	0.806
4417.380	-0.090	0.806
4417.390	-0.090	0.806
4417.400	-0.090	0.879
4417.410	-0.100	0.879
4417.420	-0.100	0.952
4417.430	-0.100	1.099
4417.440	-0.110	1.099
4417.450	-0.110	1.172
4417.460	-0.110	1.465
4417.470	-0.110	1.465
4417.480	-0.110	1.538
4417.490	-0.110	1.611
4417.500	-0.120	1.611
4417.510	-0.120	1.685
4417.520	-0.120	1.685
4417.530	-0.120	1.611
4417.540	-0.120	1.538
4417.550	-0.120	1.465
4417.560	-0.130	1.465
4417.570	-0.130	1.392
4417.580	-0.130	1.465
4417.590	-0.130	1.465
4417.600	-0.130	1.538
4417.610	-0.130	1.611
4417.620	-0.130	1.611
4417.630	-0.130	1.685
4417.640	-0.130	1.685
4417.650	-0.140	1.685
4417.660	-0.140	1.685
4417.670	-0.140	1.685
4417.680	-0.150	1.685
4417.690	-0.150	1.611
4417.700	-0.150	1.538
4417.710	-0.160	1.538
4417.720	-0.160	1.611
4417.730	-0.160	1.758
4417.740	-0.170	1.904
4417.750	-0.170	2.051
4417.760	-0.170	2.124
4417.770	-0.170	2.197
4417.780	-0.170	2.197
4417.790	-0.170	2.271
4417.800	-0.170	2.271
4417.810	-0.170	2.197
4417.820	-0.170	2.197
4417.830	-0.160	2.124
4417.840	-0.160	2.051
4417.850	-0.160	1.978
4417.860	-0.160	1.978
4417.870	-0.160	1.904
4417.880	-0.160	1.904
4417.890	-0.140	1.831
4417.900	-0.140	1.831
4417.910	-0.140	1.831
4417.920	-0.140	1.685
4417.930	-0.140	1.611
4417.940	-0.140	1.538
4417.950	-0.140	1.465
4417.960	-0.140	1.392
4417.970	-0.140	1.392
4417.980	-0.130	1.465
4417.990	-0.130	1.538
4418.000	-0.130	1.611
4418.010	-0.140	1.685
4418.020	-0.140	1.831
4418.030	-0.140	1.831
4418.040	-0.130	1.831
4418.050	-0.130	1.831
4418.060	-0.130	1.831
4418.070	-0.130	1.831
4418.080	-0.130	1.758
4418.090	-0.130	1.685
4418.100	-0.130	1.611
4418.110	-0.130	1.538
4418.120	-0.130	1.538
4418.130	-0.130	1.611
4418.140	-0.130	1.685
4418.150	-0.130	1.685
4418.160	-0.130	1.685
4418.170	-0.130	1.685
4418.180	-0.130	1.611
4418.190	-0.140	1.611
4418.200	-0.140	1.538
4418.210	-0.140	1.465
4418.220	-0.130	1.465
4418.230	-0.130	1.318
4418.240	-0.130	1.245
4418.250	-0.130	1.245
4418.260	-0.130	1.245
4418.270	-0.130	1.318
4418.280	-0.130	1.465
4418.290	-0.130	1.538
4418.300	-0.130	1.685
4418.310	-0.130	1.758
4418.320	-0.130	1.758
4418.330	-0.130	1.831
4418.340	-0.120	1.831
4418.350	-0.120	1.831
4418.360	-0.120	1.831
4418.370	-0.120	1.685
4418.380	-0.120	1.611
4418.390	-0.120	1.538
4418.400	-0.120	1.465
4418.410	-0.120	1.392
4418.420	-0.120	1.465
4418.430	-0.110	1.465
4418.440	-0.110	1.538
4418.450	-0.110	1.538
4418.460	-0.110	1.538
4418.470	-0.110	1.538
4418.480	-0.110	1.538
4418.490	-0.110	1.465
4418.500	-0.110	1.465
4418.510	-0.110	1.245
4418.520	-0.110	1.172
4418.530	-0.110	1.099
4418.540	-0.110	1.025
4418.550	-0.100	1.025
4418.560	-0.100	0.952
4418.570	-0.100	0.952
4418.580	-0.100	0.952
4418.590	-0.100	1.025
4418.600	-0.100	1.172
4418.610	-0.110	1.172
4418.620	-0.110	1.318
4418.630	-0.110	1.465
4418.640	-0.110	1.465
4418.650	-0.110	1.538
4418.660	-0.110	1.611
4418.670	-0.110	1.611
4418.680	-0.110	1.685
4418.690	-0.110	1.611
4418.700	-0.110	1.611
4418.710	-0.110	1.538
4418.720	-0.110	1.465
4418.730	-0.120	1.465
4418.740	-0.120	1.392
4418.750	-0.120	1.465
4418.760	-0.130	1.465
4418.770	-0.130	1.538
4418.780	-0.130	1.685
4418.790	-0.130	1.685
4418.800	-0.130	1.685
4418.810	-0.130	1.685
4418.820	-0.140	1.685
4418.830	-0.140	1.611
4418.840	-0.140	1.611
4418.850	-0.140	1.611
4418.860	-0.140	1.538
4418.870	-0.140	1.465
4418.880	-0.150	1.465
4418.890	-0.150	1.465
4418.900	-0.150	1.685
4418.910	-0.160	1.685
4418.920	-0.160	1.831
4418.930	-0.160	2.051
4418.940	-0.160	2.051
4418.950	-0.160	2.051
4418.960	-0.160	2.124
4418.970	-0.170	2.124
4418.980	-0.170	2.197
4418.990	-0.170	2.124
4419.000	-0.170	2.197
4419.010	-0.170	2.124
4419.020	-0.170	2.124
4419.030	-0.180	2.124
4419.040	-0.180	2.051
4419.050	-0.180	2.124
4419.060	-0.170	2.051
4419.070	-0.170	2.051
4419.080	-0.170	1.978
4419.090	-0.170	1.978
4419.100	-0.170	1.904
4419.110	-0.170	1.831
4419.120	-0.170	1.758
4419.130	-0.170	1.758
4419.140	-0.170	1.904
4419.150	-0.160	1.978
4419.160	-0.160	1.978
4419.170	-0.160	2.051
4419.180	-0.160	2.124
4419.190	-0.160	2.124
4419.200	-0.160	2.051
4419.210	-0.150	2.051
4419.220	-0.150	1.978
4419.230	-0.150	1.904
4419.240	-0.150	1.831
4419.250	-0.150	1.758
4419.260	-0.150	1.831
4419.270	-0.150	1.831
4419.280	-0.150	1.758
4419.290	-0.150	1.758
4419.300	-0.140	1.758
4419.310	-0.140	1.758
4419.320	-0.140	1.758
4419.330	-0.130	1.685
4419.340	-0.130	1.611
4419.350	-0.130	1.538
4419.360	-0.130	1.392
4419.370	-0.130	1.318
4419.380	-0.130	1.318
4419.390	-0.120	1.318
4419.400	-0.120	1.318
4419.410	-0.120	1.318
4419.420	-0.110	1.392
4419.430	-0.110	1.538
4419.440	-0.110	1.611
4419.450	-0.110	1.538
4419.460	-0.110	1.611
4419.470	-0.110	1.611
4419.480	-0.100	1.611
4419.490	-0.100	1.538
4419.500	-0.100	1.538
4419.510	-0.100	1.465
4419.520	-0.100	1.318
4419.530	-0.100	1.099
4419.540	-0.090	1.099
4419.550	-0.090	1.099
4419.560	-0.090	1.025
4419.570	-0.080	1.025
4419.580	-0.080	1.025
4419.590	-0.080	1.025
4419.600	-0.070	0.952
4419.610	-0.070	1.025
4419.620	-0.070	1.025
4419.630	-0.060	1.025
4419.640	-0.060	1.025
4419.650	-0.060	0.952
4419.660	-0.060	0.952
4419.670	-0.060	0.952
4419.680	-0.060	0.806
4419.690	-0.050	0.806
4419.700	-0.050	0.806
4419.710	-0.050	0.586
4419.720	-0.040	0.586
4419.730	-0.040	0.586
4419.740	-0.040	0.439
4419.750	-0.020	0.439
4419.760	-0.020	0.439
4419.770	-0.020	0.293
4419.780	-0.010	0.293
4419.790	-0.010	0.293
4419.800	-0.010	0.146
4419.810	0.010	0.146
4419.820	0.010	0.146
4419.830	0.010	0.073
4419.840	0.020	0.073
4419.850	0.020	0.073
4419.860	0.020	-0.073
4419.870	0.030	-0.073
4419.880	0.030	-0.073
4419.890	0.030	-0.146
4419.900	0.040	-0.146
4419.910	0.040	-0.220
4419.920	0.040	-0.293
4419.930	0.060	-0.366
4419.940	0.060	-0.366
4419.950	0.060	-0.513
4419.960	0.070	-0.586
4419.970	0.070	-0.586
4419.980	0.070	-0.732
4419.990	0.090	-0.806
4420.000	0.090	-0.879
4420.010	0.090	-0.952
4420.020	0.100	-0.952
4420.030	0.100	-1.025
4420.040	0.100	-1.099
4420.050	0.110	-1.099
4420.060	0.110	-1.099
4420.070	0.110	-1.172
4420.080	0.120	-1.099
4420.090	0.120	-1.099
4420.100	0.120	-1.099
4420.110	0.120	-1.099
4420.120	0.120	-1.172
4420.130	0.120	-1.318
4420.140	0.140	-1.318
4420.150	0.140	-1.392
4420.160	0.140	-1.611
4420.170	0.150	-1.611
4420.180	0.150	-1.758
4420.190	0.150	-1.831
4420.200	0.160	-1.831
4420.210	0.160	-1.831
4420.220	0.160	-1.831
4420.230	0.180	-1.831
4420.240	0.180	-1.758
4420.250	0.180	-1.685
4420.260	0.190	-1.685
4420.270	0.190	-1.685
4420.280	0.190	-1.904
4420.290	0.200	-1.904
4420.300	0.200	-1.978
4420.310	0.200	-2.197
4420.320	0.220	-2.197
4420.330	0.220	-2.197
4420.340	0.220	-2.344
4420.350	0.240	-2.344
4420.360	0.240	-2.490
4420.370	0.240	-2.783
4420.380	0.260	-2.783
4420.390	0.260	-2.783
4420.400	0.260	-2.783
4420.410	0.270	-2.783
4420.420	0.270	-2.783
4420.430	0.270	-2.856
4420.440	0.290	-2.930
4420.450	0.290	-3.076
4420.460	0.290	-3.223
4420.470	0.310	-3.076
4420.480	0.310	-3.003
4420.490	0.310	-3.076
4420.500	0.330	-3.149
4420.510	0.330	-3.442
4420.520	0.330	-3.735
4420.530	0.340	-3.809
4420.540	0.340	-3.735
4420.550	0.340	-3.662
4420.560	0.350	-3.589
4420.570	0.350	-3.589
4420.580	0.350	-3.809
4420.590	0.360	-3.955
4420.600	0.360	-3.955
4420.610	0.360	-3.809
4420.620	0.380	-3.735
4420.630	0.380	-4.028
4420.640	0.380	-4.175
4420.650	0.400	-4.321
4420.660	0.400	-4.248
4420.670	0.400	-4.321
4420.680	0.410	-4.248
4420.690	0.410	-4.248
4420.700	0.410	-4.395
4420.710	0.430	-4.541
4420.720	0.430	-4.541
4420.730	0.430	-4.687
4420.740	0.460	-4.834
4420.750	0.460	-4.834
4420.760	0.460	-4.907
4420.770	0.480	-4.980
4420.780	0.480	-5.127
4420.790	0.480	-5.127
4420.800	0.480	-5.127
4420.810	0.480	-5.054
4420.820	0.480	-5.273
4420.830	0.470	-4.980
4420.840	0.470	-4.980
4420.850	0.470	-4.907
4420.860	0.460	-4.907
4420.870	0.460	-5.054
4420.880	0.460	-4.980
4420.890	0.450	-4.980
4420.900	0.450	-4.907
4420.910	0.450	-4.980
4420.920	0.450	-5.054
4420.930	0.450	-4.834
4420.940	0.450	-4.834
4420.950	0.450	-4.907
4420.960	0.450	-4.980
4420.970	0.450	-4.980
4420.980	0.460	-4.980
4420.990	0.460	-4.907
4421.000	0.460	-4.907
4421.010	0.460	-5.054
4421.020	0.460	-4.907
4421.030	0.460	-4.907
4421.040	0.460	-4.907
4421.050	0.460	-4.834
4421.060	0.460	-4.907
4421.070	0.460	-4.980
4421.080	0.460	-4.907
4421.090	0.460	-4.834
4421.100	0.460	-4.980
4421.110	0.460	-4.980
4421.120	0.460	-4.834
4421.130	0.450	-4.834
4421.140	0.450	-4.907
4421.150	0.450	-5.054
4421.160	0.450	-5.054
4421.170	0.450	-4.907
4421.180	0.450	-4.980
4421.190	0.450	-4.980
4421.200	0.450	-4.980
4421.210	0.450	-4.907
4421.220	0.460	-4.907
4421.230	0.460	-4.907
4421.240	0.460	-4.834
4421.250	0.470	-5.054
4421.260	0.470	-4.980
4421.270	0.470	-4.980
4421.280	0.480	-5.054
4421.290	0.480	-5.200
4421.300	0.480	-5.273
4421.310	0.480	-5.127
4421.320	0.480	-5.054
4421.330	0.480	-5.127
4421.340	0.480	-5.347
4421.350	0.480	-5.347
4421.360	0.480	-5.200
4421.370	0.470	-5.127
4421.380	0.470	-5.200
4421.390	0.470	-5.273
4421.400	0.470	-5.127
4421.410	0.470	-4.980
4421.420	0.470	-4.980
4421.430	0.470	-5.054
4421.440	0.470	-5.054
4421.450	0.470	-4.980
4421.460	0.470	-4.980
4421.470	0.470	-5.054
4421.480	0.470	-5.200
4421.490	0.460	-5.054
4421.500	0.460	-4.907
4421.510	0.460	-4.980
4421.520	0.460	-5.054
4421.530	0.460	-5.127
4421.540	0.460	-5.054
4421.550	0.460	-4.907
4421.560	0.460	-4.907
4421.570	0.460	-4.980
4421.580	0.450	-4.907
4421.590	0.450	-4.761
4421.600	0.450	-4.761
4421.610	0.430	-4.687
4421.620	0.430	-4.687
4421.630	0.430	-4.614
4421.640	0.430	-4.614
4421.650	0.430	-4.614
4421.660	0.430	-4.614
4421.670	0.420	-4.541
4421.680	0.420	-4.541
4421.690	0.420	-4.614
4421.700	0.420	-4.614
4421.710	0.420	-4.614
4421.720	0.420	-4.541
4421.730	0.410	-4.541
4421.740	0.410	-4.541
4421.750	0.410	-4.614
4421.760	0.410	-4.541
4421.770	0.410	-4.468
4421.780	0.410	-4.395
4421.790	0.410	-4.468
4421.800	0.410	-4.541
4421.810	0.410	-4.468
4421.820	0.400	-4.395
4421.830	0.400	-4.248
4421.840	0.400	-4.248
4421.850	0.390	-4.321
4421.860	0.390	-4.321
4421.870	0.390	-4.248
4421.880	0.380	-4.028
4421.890	0.380	-4.028
4421.900	0.380	-4.102
4421.910	0.370	-4.248
4421.920	0.370	-4.248
4421.930	0.370	-4.102
4421.940	0.350	-3.882
4421.950	0.350	-3.735
4421.960	0.350	-3.882
4421.970	0.340	-3.882
4421.980	0.340	-3.809
4421.990	0.340	-3.589
4422.000	0.330	-3.442
4422.010	0.330	-3.369
4422.020	0.330	-3.516
4422.030	0.330	-3.735
4422.040	0.330	-3.809
4422.050	0.330	-3.662
4422.060	0.320	-3.516
4422.070	0.320	-3.296
4422.080	0.320	-3.223
4422.090	0.310	-3.296
4422.100	0.310	-3.296
4422.110	0.310	-3.296
4422.120	0.300	-3.149
4422.130	0.300	-3.003
4422.140	0.300	-2.856
4422.150	0.280	-2.930
4422.160	0.280	-2.930
4422.170	0.280	-3.076
4422.180	0.260	-3.223
4422.190	0.260	-3.149
4422.200	0.260	-3.003
4422.210	0.240	-2.710
4422.220	0.240	-2.637
4422.230	0.240	-2.637
4422.240	0.220	-2.563
4422.250	0.220	-2.417
4422.260	0.220	-2.344
4422.270	0.200	-2.124
4422.280	0.200	-1.978
4422.290	0.200	-1.978
4422.300	0.180	-1.904
4422.310	0.180	-1.831
4422.320	0.180	-1.904
4422.330	0.160	-1.758
4422.340	0.160	-1.758
4422.350	0.160	-1.685
4422.360	0.130	-1.611
4422.370	0.130	-1.538
4422.380	0.130	-1.392
4422.390	0.110	-1.245
4422.400	0.110	-1.172
4422.410	0.110	-1.099
4422.420	0.090	-0.952
4422.430	0.090	-0.879
4422.440	0.090	-0.806
4422.450	0.060	-0.806
4422.460	0.060	-0.659
4422.470	0.060	-0.659
4422.480	0.040	-0.586
4422.490	0.040	-0.439
4422.500	0.040	-0.366
4422.510	0.020	-0.293
4422.520	0.020	-0.220
4422.530	0.020	-0.220
4422.540	0.000	-0.146
4422.550	0.000	0.000
4422.560	0.000	0.073
4422.570	-0.030	0.220
4422.580	-0.030	0.220
4422.590	-0.030	0.293
4422.600	-0.050	0.439
4422.610	-0.050	0.513
4422.620	-0.050	0.586
4422.630	-0.070	0.659
4422.640	-0.070	0.732
4422.650	-0.070	0.806
4422.660	-0.090	0.806
4422.670	-0.090	0.879
4422.680	-0.090	1.025
4422.690	-0.110	1.099
4422.700	-0.110	1.172
4422.710	-0.110	1.465
4422.720	-0.130	1.465
4422.730	-0.130	1.538
4422.740	-0.130	1.685
4422.750	-0.160	1.685
4422.760	-0.160	1.831
4422.770	-0.160	1.831
4422.780	-0.180	1.831
4422.790	-0.180	1.904
4422.800	-0.180	1.904
4422.810	-0.200	1.904
4422.820	-0.200	2.051
4422.830	-0.200	2.417
4422.840	-0.220	2.417
4422.850	-0.220	2.563
4422.860	-0.220	2.710
4422.870	-0.240	2.710
4422.880	-0.240	2.856
4422.890	-0.240	3.076
4422.900	-0.250	3.076
4422.910	-0.250	3.223
4422.920	-0.250	2.930
4422.930	-0.260	2.930
4422.940	-0.260	2.856
4422.950	-0.260	2.856
4422.960	-0.270	2.856
4422.970	-0.270	2.856
4422.980	-0.270	3.076
4422.990	-0.270	3.076
4423.000	-0.270	3.076
4423.010	-0.270	2.930
4423.020	-0.260	2.930
4423.030	-0.260	3.003
4423.040	-0.260	3.076
4423.050	-0.260	3.223
4423.060	-0.260	3.296
4423.070	-0.260	3.296
4423.080	-0.260	3.076
4423.090	-0.260	2.930
4423.100	-0.260	2.783
4423.110	-0.250	2.856
4423.120	-0.250	2.856
4423.130	-0.250	2.856
4423.140	-0.260	3.076
4423.150	-0.260	3.076
4423.160	-0.260	3.003
4423.170	-0.270	3.003
4423.180	-0.270	3.076
4423.190	-0.270	3.149
4423.200	-0.270	3.296
4423.210	-0.270	3.442
4423.220	-0.270	3.442
4423.230	-0.280	3.442
4423.240	-0.280	3.149
4423.250	-0.280	3.003
4423.260	-0.280	3.003
4423.270	-0.280	3.076
4423.280	-0.280	3.296
4423.290	-0.290	3.369
4423.300	-0.290	3.369
4423.310	-0.290	3.223
4423.320	-0.290	3.223
4423.330	-0.290	3.296
4423.340	-0.290	3.442
4423.350	-0.300	3.662
4423.360	-0.300	3.662
4423.370	-0.300	3.589
4423.380	-0.300	3.369
4423.390	-0.300	3.223
4423.400	-0.300	3.149
4423.410	-0.300	3.296
4423.420	-0.300	3.516
4423.430	-0.300	3.589
4423.440	-0.300	3.516
4423.450	-0.300	3.369
4423.460	-0.300	3.442
4423.470	-0.300	3.516
4423.480	-0.300	3.662
4423.490	-0.300	3.809
4423.500	-0.310	3.662
4423.510	-0.310	3.442
4423.520	-0.310	3.296
4423.530	-0.330	3.516
4423.540	-0.330	3.516
4423.550	-0.330	3.809
4423.560	-0.340	3.809
4423.570	-0.340	3.809
4423.580	-0.340	3.735
4423.590	-0.350	3.735
4423.600	-0.350	3.955
4423.610	-0.350	4.175
4423.620	-0.370	4.175
4423.630	-0.370	4.248
4423.640	-0.370	3.955
4423.650	-0.370	3.955
4423.660	-0.370	4.175
4423.670	-0.370	4.321
4423.680	-0.380	4.395
4423.690	-0.380	4.395
4423.700	-0.380	4.321
4423.710	-0.380	4.395
4423.720	-0.380	4.468
4423.730	-0.380	4.468
4423.740	-0.390	4.468
4423.750	-0.390	4.321
4423.760	-0.390	4.321
4423.770	-0.390	4.395
4423.780	-0.390	4.395
4423.790	-0.390	4.468
4423.800	-0.400	4.468
4423.810	-0.400	4.468
4423.820	-0.400	4.541
4423.830	-0.400	4.541
4423.840	-0.400	4.614
4423.850	-0.400	4.614
4423.860	-0.410	4.541
4423.870	-0.410	4.614
4423.880	-0.410	4.687
4423.890	-0.410	4.687
4423.900	-0.410	4.687
4423.910	-0.410	4.761
4423.920	-0.420	4.761
4423.930	-0.420	4.761
4423.940	-0.420	4.761
4423.950	-0.420	4.761
4423.960	-0.420	4.761
4423.970	-0.420	4.687
4423.980	-0.410	4.687
4423.990	-0.410	4.614
4424.000	-0.410	4.541
4424.010	-0.410	4.541
4424.020	-0.410	4.541
4424.030	-0.410	4.687
4424.040	-0.400	4.687
4424.050	-0.400	4.614
4424.060	-0.400	4.687
4424.070	-0.400	4.687
4424.080	-0.400	4.614
4424.090	-0.400	4.687
4424.100	-0.400	4.687
4424.110	-0.400	4.687
4424.120	-0.400	4.687
4424.130	-0.410	4.687
4424.140	-0.410	4.687
4424.150	-0.410	4.687
4424.160	-0.420	4.687
4424.170	-0.420	4.761
4424.180	-0.420	4.687
4424.190	-0.420	4.687
4424.200	-0.420	4.687
4424.210	-0.420	4.761
4424.220	-0.430	4.761
4424.230	-0.430	4.761
4424.240	-0.430	4.761
4424.250	-0.420	4.761
4424.260	-0.420	4.834
4424.270	-0.420	4.761
4424.280	-0.420	4.761
4424.290	-0.420	4.834
4424.300	-0.420	4.907
4424.310	-0.410	4.907
4424.320	-0.410	4.834
4424.330	-0.410	4.761
4424.340	-0.410	4.761
4424.350	-0.410	4.761
4424.360	-0.410	4.834
4424.370	-0.420	4.761
4424.380	-0.420	4.761
4424.390	-0.420	4.761
4424.400	-0.420	4.687
4424.410	-0.420	4.761
4424.420	-0.420	4.761
4424.430	-0.430	4.687
4424.440	-0.430	4.687
4424.450	-0.430	4.761
4424.460	-0.420	4.834
4424.470	-0.420	4.761
4424.480	-0.420	4.834
4424.490	-0.410	4.761
4424.500	-0.410	4.834
4424.510	-0.410	4.761
4424.520	-0.400	4.687
4424.530	-0.400	4.761
4424.540	-0.400	4.687
4424.550	-0.390	4.687
4424.560	-0.390	4.468
4424.570	-0.390	4.541
4424.580	-0.390	4.468
4424.590	-0.390	4.468
4424.600	-0.390	4.395
4424.610	-0.380	4.321
4424.620	-0.380	4.395
4424.630	-0.380	4.395
4424.640	-0.380	4.468
4424.650	-0.380	4.321
4424.660	-0.380	4.175
4424.670	-0.370	4.175
4424.680	-0.370	4.248
4424.690	-0.370	4.321
4424.700	-0.360	4.248
4424.710	-0.360	4.102
4424.720	-0.360	4.248
4424.730	-0.350	4.248
4424.740	-0.350	4.248
4424.750	-0.350	4.248
4424.760	-0.340	4.175
4424.770	-0.340	3.882
4424.780	-0.340	3.735
4424.790	-0.330	3.809
4424.800	-0.330	3.882
4424.810	-0.330	3.882
4424.820	-0.310	3.735
4424.830	-0.310	3.516
4424.840	-0.310	3.442
4424.850	-0.290	3.516
4424.860	-0.290	3.589
4424.870	-0.290	3.589
4424.880	-0.270	3.516
4424.890	-0.270	3.223
4424.900	-0.270	3.003
4424.910	-0.240	2.783
4424.920	-0.240	2.783
4424.930	-0.240	2.710
4424.940	-0.230	2.783
4424.950	-0.230	2.783
4424.960	-0.230	2.710
4424.970	-0.210	2.637
4424.980	-0.210	2.563
4424.990	-0.210	2.563
4425.000	-0.190	2.490
4425.010	-0.190	2.563
4425.020	-0.190	2.490
4425.030	-0.170	2.417
4425.040	-0.170	2.271
4425.050	-0.170	2.124
4425.060	-0.150	2.051
4425.070	-0.150	1.978
4425.080	-0.150	1.904
4425.090	-0.130	1.758
4425.100	-0.130	1.758
4425.110	-0.130	1.465
4425.120	-0.100	1.392
4425.130	-0.100	1.392
4425.140	-0.100	1.099
4425.150	-0.080	1.099
4425.160	-0.080	0.952
4425.170	-0.080	0.732
4425.180	-0.050	0.732
4425.190	-0.050	0.659
4425.200	-0.050	0.439
4425.210	-0.030	0.439
4425.220	-0.030	0.439
4425.230	-0.030	0.293
4425.240	0.000	0.293
4425.250	0.000	0.220
4425.260	0.000	0.146
4425.270	0.030	0.146
4425.280	0.030	0.000
4425.290	0.030	0.000
4425.300	0.050	-0.073
4425.310	0.050	-0.146
4425.320	0.050	-0.293
4425.330	0.080	-0.366
4425.340	0.080	-0.366
4425.350	0.080	-0.513
4425.360	0.100	-0.586
4425.370	0.100	-0.659
4425.380	0.100	-0.732
4425.390	0.130	-0.879
4425.400	0.130	-0.952
4425.410	0.130	-1.099
4425.420	0.150	-1.245
4425.430	0.150	-1.392
4425.440	0.150	-1.538
4425.450	0.170	-1.611
4425.460	0.170	-1.685
4425.470	0.170	-1.758
4425.480	0.180	-1.831
4425.490	0.180	-1.904
4425.500	0.180	-1.978
4425.510	0.200	-1.978
4425.520	0.200	-2.124
4425.530	0.200	-2.271
4425.540	0.220	-2.417
4425.550	0.220	-2.417
4425.560	0.220	-2.490
4425.570	0.250	-2.563
4425.580	0.250	-2.563
4425.590	0.250	-2.563
4425.600	0.270	-2.710
4425.610	0.270	-2.856
4425.620	0.270	-2.856
4425.630	0.290	-2.783
4425.640	0.290	-2.783
4425.650	0.290	-2.856
4425.660	0.310	-3.076
4425.670	0.310	-3.296
4425.680	0.310	-3.589
4425.690	0.340	-3.735
4425.700	0.340	-3.662
4425.710	0.340	-3.589
4425.720	0.370	-3.589
4425.730	0.370	-3.735
4425.740	0.370	-3.955
4425.750	0.390	-4.102
4425.760	0.390	-4.028
4425.770	0.390	-4.028
4425.780	0.400	-4.028
4425.790	0.400	-4.248
4425.800	0.400	-4.395
4425.810	0.400	-4.468
4425.820	0.400	-4.395
4425.830	0.400	-4.321
4425.840	0.400	-4.248
4425.850	0.400	-4.321
4425.860	0.400	-4.395
4425.870	0.400	-4.321
4425.880	0.400	-4.175
4425.890	0.400	-4.102
4425.900	0.390	-4.321
4425.910	0.390	-4.321
4425.920	0.390	-4.395
4425.930	0.400	-4.321
4425.940	0.400	-4.175
4425.950	0.400	-4.175
4425.960	0.410	-4.248
4425.970	0.410	-4.321
4425.980	0.410	-4.395
4425.990	0.410	-4.321
4426.000	0.410	-4.248
4426.010	0.410	-4.468
4426.020	0.410	-4.541
4426.030	0.410	-4.541
4426.040	0.410	-4.614
4426.050	0.420	-4.468
4426.060	0.420	-4.541
4426.070	0.420	-4.541
4426.080	0.420	-4.541
4426.090	0.420	-4.468
4426.100	0.420	-4.395
4426.110	0.410	-4.468
4426.120	0.410	-4.468
4426.130	0.410	-4.468
4426.140	0.410	-4.468
4426.150	0.410	-4.395
4426.160	0.410	-4.321
4426.170	0.410	-4.395
4426.180	0.410	-4.395
4426.190	0.410	-4.395
4426.200	0.410	-4.321
4426.210	0.410	-4.175
4426.220	0.410	-4.395
4426.230	0.400	-4.541
4426.240	0.400	-4.468
4426.250	0.400	-4.541
4426.260	0.410	-4.395
4426.270	0.410	-4.395
4426.280	0.410	-4.468
4426.290	0.410	-4.541
4426.300	0.410	-4.468
4426.310	0.410	-4.395
4426.320	0.420	-4.395
4426.330	0.420	-4.468
4426.340	0.420	-4.468
4426.350	0.420	-4.468
4426.360	0.420	-4.468
4426.370	0.420	-4.395
4426.380	0.420	-4.468
4426.390	0.420	-4.395
4426.400	0.420	-4.468
4426.410	0.410	-4.468
4426.420	0.410	-4.321
4426.430	0.410	-4.395
4426.440	0.410	-4.541
4426.450	0.410	-4.541
4426.460	0.410	-4.468
4426.470	0.410	-4.468
4426.480	0.410	-4.395
4426.490	0.410	-4.541
4426.500	0.410	-4.541
4426.510	0.410	-4.468
4426.520	0.410	-4.395
4426.530	0.420	-4.468
4426.540	0.420	-4.541
4426.550	0.420	-4.541
4426.560	0.430	-4.541
4426.570	0.430	-4.468
4426.580	0.430	-4.468
4426.590	0.430	-4.614
4426.600	0.430	-4.614
4426.610	0.430	-4.614
4426.620	0.440	-4.687
4426.630	0.440	-4.687
4426.640	0.440	-4.761
4426.650	0.440	-4.761
4426.660	0.440	-4.834
4426.670	0.440	-4.834
4426.680	0.440	-4.907
4426.690	0.440	-4.761
4426.700	0.440	-4.761
4426.710	0.440	-4.761
4426.720	0.440	-4.761
4426.730	0.440	-4.614
4426.740	0.430	-4.614
4426.750	0.430	-4.614
4426.760	0.430	-4.614
4426.770	0.430	-4.614
4426.780	0.430	-4.541
4426.790	0.430	-4.541
4426.800	0.420	-4.541
4426.810	0.420	-4.614
4426.820	0.420	-4.468
4426.830	0.420	-4.468
4426.840	0.420	-4.614
4426.850	0.420	-4.614
4426.860	0.410	-4.614
4426.870	0.410	-4.468
4426.880	0.410	-4.468
4426.890	0.410	-4.541
4426.900	0.410	-4.468
4426.910	0.410	-4.395
4426.920	0.400	-4.321
4426.930	0.400	-4.175
4426.940	0.400	-4.175
4426.950	0.390	-4.248
4426.960	0.390	-4.248
4426.970	0.390	-4.248
4426.980	0.370	-4.102
4426.990	0.370	-3.809
4427.000	0.370	-3.882
4427.010	0.350	-3.955
4427.020	0.350	-3.955
4427.030	0.350	-3.809
4427.040	0.340	-3.589
4427.050	0.340	-3.442
4427.060	0.340	-3.442
4427.070	0.330	-3.735
4427.080	0.330	-3.809
4427.090	0.330	-3.809
4427.100	0.320	-3.589
4427.110	0.320	-3.442
4427.120	0.320	-3.296
4427.130	0.310	-3.296
4427.140	0.310	-3.369
4427.150	0.310	-3.442
4427.160	0.300	-3.369
4427.170	0.300	-3.076
4427.180	0.300	-3.003
4427.190	0.290	-2.930
4427.200	0.290	-3.003
4427.210	0.290	-3.076
4427.220	0.280	-3.296
4427.230	0.280	-3.296
4427.240	0.280	-3.149
4427.250	0.270	-3.003
4427.260	0.270	-2.856
4427.270	0.270	-2.783
4427.280	0.250	-2.710
4427.290	0.250	-2.710
4427.300	0.250	-2.637
4427.310	0.230	-2.563
4427.320	0.230	-2.344
4427.330	0.230	-2.271
4427.340	0.210	-2.197
4427.350	0.210	-2.197
4427.360	0.210	-2.197
4427.370	0.180	-2.124
4427.380	0.180	-2.051
4427.390	0.180	-1.978
4427.400	0.160	-1.758
4427.410	0.160	-1.685
4427.420	0.160	-1.685
4427.430	0.140	-1.611
4427.440	0.140	-1.538
4427.450	0.140	-1.538
4427.460	0.110	-1.465
4427.470	0.110	-1.465
4427.480	0.110	-1.392
4427.490	0.090	-1.318
4427.500	0.090	-1.245
4427.510	0.090	-1.099
4427.520	0.060	-1.025
4427.530	0.060	-0.879
4427.540	0.060	-0.732
4427.550	0.030	-0.513
4427.560	0.030	-0.439
4427.570	0.030	-0.293
4427.580	0.010	-0.220
4427.590	0.010	-0.146
4427.600	0.010	0.000
4427.610	-0.010	0.000
4427.620	-0.010	0.146
4427.630	-0.010	0.220
4427.640	-0.040	0.366
4427.650	-0.040	0.439
4427.660	-0.040	0.586
4427.670	-0.060	0.732
4427.680	-0.060	0.952
4427.690	-0.060	1.025
4427.700	-0.090	1.172
4427.710	-0.090	1.245
4427.720	-0.090	1.392
4427.730	-0.110	1.392
4427.740	-0.110	1.465
4427.750	-0.110	1.465
4427.760	-0.130	1.538
4427.770	-0.130	1.538
4427.780	-0.130	1.758
4427.790	-0.160	1.758
4427.800	-0.160	1.831
4427.810	-0.160	1.978
4427.820	-0.190	2.124
4427.830	-0.190	2.124
4427.840	-0.190	2.197
4427.850	-0.210	2.197
4427.860	-0.210	2.271
4427.870	-0.210	2.271
4427.880	-0.220	2.344
4427.890	-0.220	2.417
4427.900	-0.220	2.563
4427.910	-0.240	2.637
4427.920	-0.240	2.710
4427.930	-0.240	2.783
4427.940	-0.250	2.783
4427.950	-0.250	2.856
4427.960	-0.250	2.930
4427.970	-0.240	3.076
4427.980	-0.240	3.149
4427.990	-0.240	3.003
4428.000	-0.240	2.783
4428.010	-0.240	2.710
4428.020	-0.240	2.637
4428.030	-0.230	2.563
4428.040	-0.230	2.563
4428.050	-0.230	2.637
4428.060	-0.230	2.783
4428.070	-0.230	2.783
4428.080	-0.230	2.710
4428.090	-0.230	2.710
4428.100	-0.230	2.783
4428.110	-0.230	2.783
4428.120	-0.230	2.783
4428.130	-0.230	2.856
4428.140	-0.230	2.930
4428.150	-0.230	3.003
4428.160	-0.230	2.783
4428.170	-0.230	2.710
4428.180	-0.230	2.563
4428.190	-0.230	2.563
4428.200	-0.230	2.490
4428.210	-0.240	2.490
4428.220	-0.240	2.563
4428.230	-0.240	2.783
4428.240	-0.250	2.783
4428.250	-0.250	2.710
4428.260	-0.250	2.783
4428.270	-0.250	2.783
4428.280	-0.250	2.856
4428.290	-0.250	3.076
4428.300	-0.260	3.076
4428.310	-0.260	3.223
4428.320	-0.260	3.296
4428.330	-0.270	3.149
4428.340	-0.270	3.003
4428.350	-0.270	2.930
4428.360	-0.280	2.930
4428.370	-0.280	3.149
4428.380	-0.280	3.149
4428.390	-0.280	3.369
4428.400	-0.280	3.296
4428.410	-0.280	3.223
4428.420	-0.280	3.149
4428.430	-0.280	3.223
4428.440	-0.280	3.296
4428.450	-0.290	3.516
4428.460	-0.290	3.589
4428.470	-0.290	3.516
4428.480	-0.290	3.369
4428.490	-0.290	3.076
4428.500	-0.290	3.076
4428.510	-0.290	3.076
4428.520	-0.290	3.149
4428.530	-0.290	3.369
4428.540	-0.290	3.369
4428.550	-0.290	3.223
4428.560	-0.290	3.223
4428.570	-0.300	3.296
4428.580	-0.300	3.296
4428.590	-0.300	3.516
4428.600	-0.300	3.662
4428.610	-0.300	3.662
4428.620	-0.300	3.589
4428.630	-0.300	3.296
4428.640	-0.300	3.223
4428.650	-0.300	3.296
4428.660	-0.310	3.442
4428.670	-0.310	3.589
4428.680	-0.310	3.735
4428.690	-0.310	3.589
4428.700	-0.310	3.442
4428.710	-0.310	3.516
4428.720	-0.310	3.735
4428.730	-0.310	3.882
4428.740	-0.310	3.809
4428.750	-0.310	3.809
4428.760	-0.310	3.516
4428.770	-0.310	3.296
4428.780	-0.310	3.296
4428.790	-0.310	3.442
4428.800	-0.310	3.589
4428.810	-0.300	3.589
4428.820	-0.300	3.369
4428.830	-0.300	3.296
4428.840	-0.290	3.296
4428.850	-0.290	3.369
4428.860	-0.290	3.589
4428.870	-0.290	3.662
4428.880	-0.290	3.516
4428.890	-0.290	3.369
4428.900	-0.280	3.223
4428.910	-0.280	3.076
4428.920	-0.280	3.149
4428.930	-0.280	3.223
4428.940	-0.280	3.442
4428.950	-0.280	3.369
4428.960	-0.280	3.296
4428.970	-0.280	3.223
4428.980	-0.280	3.296
4428.990	-0.290	3.369
4429.000	-0.290	3.516
4429.010	-0.290	3.662
4429.020	-0.290	3.589
4429.030	-0.290	3.442
4429.040	-0.290	3.223
4429.050	-0.300	3.223
4429.060	-0.300	3.149
4429.070	-0.300	3.369
4429.080	-0.300	3.516
4429.090	-0.300	3.516
4429.100	-0.300	3.369
4429.110	-0.300	3.296
4429.120	-0.300	3.296
4429.130	-0.300	3.516
4429.140	-0.300	3.662
4429.150	-0.300	3.662
4429.160	-0.300	3.662
4429.170	-0.300	3.369
4429.180	-0.300	3.223
4429.190	-0.300	3.149
4429.200	-0.290	3.223
4429.210	-0.290	3.442
4429.220	-0.290	3.589
4429.230	-0.290	3.442
4429.240	-0.290	3.296
4429.250	-0.290	3.369
4429.260	-0.290	3.369
4429.270	-0.290	3.589
4429.280	-0.290	3.662
4429.290	-0.290	3.662
4429.300	-0.290	3.589
4429.310	-0.290	3.296
4429.320	-0.290	3.149
4429.330	-0.290	3.149
4429.340	-0.290	3.223
4429.350	-0.290	3.369
4429.360	-0.290	3.442
4429.370	-0.290	3.296
4429.380	-0.290	3.296
4429.390	-0.290	3.296
4429.400	-0.290	3.296
4429.410	-0.290	3.516
4429.420	-0.290	3.589
4429.430	-0.290	3.589
4429.440	-0.300	3.516
4429.450	-0.300	3.223
4429.460	-0.300	3.149
4429.470	-0.290	3.149
4429.480	-0.290	3.149
4429.490	-0.290	3.442
4429.500	-0.280	3.442
4429.510	-0.280	3.296
4429.520	-0.280	3.223
4429.530	-0.270	3.223
4429.540	-0.270	3.223
4429.550	-0.270	3.369
4429.560	-0.260	3.442
4429.570	-0.260	3.442
4429.580	-0.260	3.296
4429.590	-0.240	3.076
4429.600	-0.240	2.783
4429.610	-0.240	2.710
4429.620	-0.230	2.637
4429.630	-0.230	2.563
4429.640	-0.230	2.563
4429.650	-0.220	2.637
4429.660	-0.220	2.563
4429.670	-0.220	2.490
4429.680	-0.210	2.563
4429.690	-0.210	2.490
4429.700	-0.210	2.563
4429.710	-0.200	2.563
4429.720	-0.200	2.563
4429.730	-0.200	2.563
4429.740	-0.190	2.563
4429.750	-0.190	2.417
4429.760	-0.190	2.344
4429.770	-0.180	2.344
4429.780	-0.180	2.197
4429.790	-0.180	2.197
4429.800	-0.170	2.124
4429.810	-0.170	2.051
4429.820	-0.170	1.978
4429.830	-0.160	1.904
4429.840	-0.160	1.758
4429.850	-0.160	1.685
4429.860	-0.160	1.685
4429.870	-0.160	1.758
4429.880	-0.160	1.904
4429.890	-0.150	1.904
4429.900	-0.150	1.904
4429.910	-0.150	1.904
4429.920	-0.130	1.904
4429.930	-0.130	1.904
4429.940	-0.130	1.758
4429.950	-0.110	1.685
4429.960	-0.110	1.685
4429.970	-0.110	1.245
4429.980	-0.090	1.245
4429.990	-0.090	1.172
4430.000	-0.090	1.099
4430.010	-0.080	1.099
4430.020	-0.080	1.025
4430.030	-0.080	0.952
4430.040	-0.060	0.952
4430.050	-0.060	0.952
4430.060	-0.060	0.806
4430.070	-0.040	0.806
4430.080	-0.040	0.806
4430.090	-0.040	0.586
4430.100	-0.020	0.586
4430.110	-0.020	0.586
4430.120	-0.020	0.366
4430.130	0.010	0.366
4430.140	0.010	0.293
4430.150	0.010	0.146
4430.160	0.030	0.073
4430.170	0.030	-0.073
4430.180	0.030	-0.220
4430.190	0.050	-0.293
4430.200	0.050	-0.366
4430.210	0.050	-0.513
4430.220	0.070	-0.586
4430.230	0.070	-0.659
4430.240	0.070	-0.806
4430.250	0.090	-0.806
4430.260	0.090	-0.806
4430.270	0.090	-0.879
4430.280	0.110	-0.879
4430.290	0.110	-0.879
4430.300	0.110	-0.952
4430.310	0.120	-1.025
4430.320	0.120	-1.099
4430.330	0.120	-1.172
4430.340	0.140	-1.172
4430.350	0.140	-1.318
4430.360	0.140	-1.465
4430.370	0.150	-1.538
4430.380	0.150	-1.685
4430.390	0.150	-1.758
4430.400	0.160	-1.831
4430.410	0.160	-1.831
4430.420	0.160	-1.831
4430.430	0.170	-1.831
4430.440	0.170	-1.831
4430.450	0.170	-1.685
4430.460	0.190	-1.685
4430.470	0.190	-1.611
4430.480	0.190	-1.611
4430.490	0.200	-1.758
4430.500	0.200	-1.831
4430.510	0.200	-1.904
4430.520	0.210	-1.978
4430.530	0.210	-2.051
4430.540	0.210	-2.124
4430.550	0.220	-2.271
4430.560	0.220	-2.271
4430.570	0.220	-2.417
4430.580	0.240	-2.563
4430.590	0.240	-2.637
4430.600	0.240	-2.637
4430.610	0.260	-2.710
4430.620	0.260	-2.710
4430.630	0.260	-2.710
4430.640	0.280	-2.710
4430.650	0.280	-2.783
4430.660	0.280	-2.930
4430.670	0.300	-3.076
4430.680	0.300	-3.076
4430.690	0.300	-3.003
4430.700	0.320	-3.076
4430.710	0.320	-3.149
4430.720	0.320	-3.296
4430.730	0.330	-3.735
4430.740	0.330	-3.882
4430.750	0.330	-3.955
4430.760	0.360	-3.882
4430.770	0.360	-3.735
4430.780	0.360	-3.735
4430.790	0.390	-3.955
4430.800	0.390	-4.028
4430.810	0.390	-4.028
4430.820	0.390	-4.028
4430.830	0.390	-3.809
4430.840	0.390	-3.955
4430.850	0.370	-4.102
4430.860	0.370	-4.175
4430.870	0.370	-4.175
4430.880	0.360	-4.102
4430.890	0.360	-3.882
4430.900	0.360	-3.809
4430.910	0.360	-3.955
4430.920	0.360	-3.955
4430.930	0.360	-3.882
4430.940	0.360	-3.735
4430.950	0.360	-3.589
4430.960	0.360	-3.735
4430.970	0.370	-4.028
4430.980	0.370	-4.102
4430.990	0.370	-4.102
4431.000	0.370	-4.028
4431.010	0.370	-3.882
4431.020	0.370	-3.882
4431.030	0.370	-4.102
4431.040	0.370	-4.102
4431.050	0.370	-4.028
4431.060	0.370	-3.882
4431.070	0.370	-3.735
4431.080	0.370	-3.955
4431.090	0.380	-4.102
4431.100	0.380	-4.175
4431.110	0.380	-4.102
4431.120	0.380	-4.102
4431.130	0.380	-3.809
4431.140	0.380	-3.882
4431.150	0.380	-4.102
4431.160	0.380	-4.102
4431.170	0.380	-4.028
4431.180	0.380	-3.809
4431.190	0.380	-3.809
4431.200	0.380	-4.028
4431.210	0.370	-4.175
4431.220	0.370	-4.175
4431.230	0.370	-4.175
4431.240	0.370	-4.028
4431.250	0.370	-3.882
4431.260	0.370	-4.028
4431.270	0.370	-4.102
4431.280	0.370	-4.102
4431.290	0.370	-3.882
4431.300	0.380	-3.882
4431.310	0.380	-3.955
4431.320	0.380	-4.175
4431.330	0.390	-4.175
4431.340	0.390	-4.248
4431.350	0.390	-4.028
4431.360	0.400	-4.028
4431.370	0.400	-4.102
4431.380	0.400	-4.248
4431.390	0.400	-4.248
4431.400	0.400	-4.248
4431.410	0.400	-4.248
4431.420	0.410	-4.248
4431.430	0.410	-4.395
4431.440	0.410	-4.468
4431.450	0.410	-4.468
4431.460	0.410	-4.468
4431.470	0.410	-4.395
4431.480	0.410	-4.395
4431.490	0.410	-4.468
4431.500	0.410	-4.395
4431.510	0.400	-4.395
4431.520	0.400	-4.175
4431.530	0.400	-4.321
4431.540	0.400	-4.321
4431.550	0.400	-4.395
4431.560	0.400	-4.321
4431.570	0.400	-4.321
4431.580	0.400	-4.102
4431.590	0.400	-4.248
4431.600	0.400	-4.248
4431.610	0.400	-4.248
4431.620	0.400	-4.102
4431.630	0.400	-4.102
4431.640	0.400	-4.175
4431.650	0.400	-4.395
4431.660	0.390	-4.395
4431.670	0.390	-4.321
4431.680	0.390	-4.175
4431.690	0.390	-4.175
4431.700	0.390	-4.248
4431.710	0.390	-4.321
4431.720	0.380	-4.321
4431.730	0.380	-4.102
4431.740	0.380	-3.882
4431.750	0.380	-3.882
4431.760	0.380	-4.102
4431.770	0.380	-4.102
4431.780	0.370	-4.102
4431.790	0.370	-4.028
4431.800	0.370	-3.662
4431.810	0.350	-3.662
4431.820	0.350	-3.735
4431.830	0.350	-3.882
4431.840	0.340	-3.882
4431.850	0.340	-3.662
4431.860	0.340	-3.369
4431.870	0.330	-3.369
4431.880	0.330	-3.589
4431.890	0.330	-3.735
4431.900	0.330	-3.809
4431.910	0.330	-3.809
4431.920	0.330	-3.589
4431.930	0.320	-3.442
4431.940	0.320	-3.369
4431.950	0.320	-3.442
4431.960	0.320	-3.589
4431.970	0.320	-3.589
4431.980	0.320	-3.369
4431.990	0.310	-3.223
4432.000	0.310	-3.149
4432.010	0.310	-3.369
4432.020	0.300	-3.369
4432.030	0.300	-3.516
4432.040	0.300	-3.442
4432.050	0.300	-3.442
4432.060	0.300	-3.223
4432.070	0.300	-3.003
4432.080	0.280	-3.003
4432.090	0.280	-3.003
4432.100	0.280	-3.076
4432.110	0.280	-3.076
4432.120	0.280	-2.930
4432.130	0.280	-2.710
4432.140	0.260	-2.710
4432.150	0.260	-2.637
4432.160	0.260	-2.637
4432.170	0.240	-2.637
4432.180	0.240	-2.710
4432.190	0.240	-2.783
4432.200	0.220	-2.783
4432.210	0.220	-2.637
4432.220	0.220	-2.417
4432.230	0.200	-2.417
4432.240	0.200	-2.344
4432.250	0.200	-2.197
4432.260	0.180	-2.197
4432.270	0.180	-2.051
4432.280	0.180	-1.685
4432.290	0.170	-1.685
4432.300	0.170	-1.538
4432.310	0.170	-1.392
4432.320	0.150	-1.392
4432.330	0.150	-1.465
4432.340	0.150	-1.465
4432.350	0.130	-1.465
4432.360	0.130	-1.465
4432.370	0.130	-1.392
4432.380	0.110	-1.392
4432.390	0.110	-1.392
4432.400	0.110	-1.245
4432.410	0.100	-1.172
4432.420	0.100	-0.952
4432.430	0.100	-0.879
4432.440	0.080	-0.806
4432.450	0.080	-0.806
4432.460	0.080	-0.659
4432.470	0.060	-0.659
4432.480	0.060	-0.586
4432.490	0.060	-0.439
4432.500	0.040	-0.439
4432.510	0.040	-0.366
4432.520	0.040	-0.293
4432.530	0.020	-0.293
4432.540	0.020	-0.220
4432.550	0.020	-0.146
4432.560	0.000	-0.146
4432.570	0.000	-0.073
4432.580	0.000	-0.073
4432.590	-0.010	0.073
4432.600	-0.010	0.146
4432.610	-0.010	0.146
4432.620	-0.030	0.220
4432.630	-0.030	0.293
4432.640	-0.030	0.366
4432.650	-0.050	0.439
4432.660	-0.050	0.513
4432.670	-0.050	0.586
4432.680	-0.070	0.732
4432.690	-0.070	0.806
4432.700	-0.070	0.879
4432.710	-0.080	1.025
4432.720	-0.080	1.099
4432.730	-0.080	1.245
4432.740	-0.110	1.318
4432.750	-0.110	1.392
4432.760	-0.110	1.465
4432.770	-0.150	1.611
4432.780	-0.150	1.538
4432.790	-0.150	1.611
4432.800	-0.170	1.611
4432.810	-0.170	1.685
4432.820	-0.170	1.758
4432.830	-0.200	1.831
4432.840	-0.200	2.124
4432.850	-0.200	2.271
4432.860	-0.230	2.417
4432.870	-0.230	2.417
4432.880	-0.230	2.637
4432.890	-0.220	2.637
4432.900	-0.220	2.783
4432.910	-0.220	2.856
4432.920	-0.230	3.003
4432.930	-0.230	3.003
4432.940	-0.230	2.783
4432.950	-0.240	2.710
4432.960	-0.240	2.637
4432.970	-0.240	2.637
4432.980	-0.240	2.563
4432.990	-0.240	2.637
4433.000	-0.240	2.637
4433.010	-0.240	2.710
4433.020	-0.240	2.710
4433.030	-0.240	2.710
4433.040	-0.230	2.710
4433.050	-0.230	2.710
4433.060	-0.230	2.783
4433.070	-0.230	2.783
4433.080	-0.230	2.856
4433.090	-0.230	2.856
4433.100	-0.230	2.930
4433.110	-0.230	2.783
4433.120	-0.230	2.637
4433.130	-0.220	2.563
4433.140	-0.220	2.490
4433.150	-0.220	2.490
4433.160	-0.220	2.417
4433.170	-0.220	2.417
4433.180	-0.220	2.490
4433.190	-0.210	2.563
4433.200	-0.210	2.490
4433.210	-0.210	2.490
4433.220	-0.210	2.563
4433.230	-0.210	2.563
4433.240	-0.210	2.637
4433.250	-0.210	2.637
4433.260	-0.210	2.710
4433.270	-0.210	2.783
4433.280	-0.220	2.637
4433.290	-0.220	2.563
4433.300	-0.220	2.563
4433.310	-0.220	2.563
4433.320	-0.220	2.417
4433.330	-0.220	2.417
4433.340	-0.230	2.417
4433.350	-0.230	2.490
4433.360	-0.230	2.637
4433.370	-0.240	2.637
4433.380	-0.240	2.710
4433.390	-0.240	2.710
4433.400	-0.250	2.710
4433.410	-0.250	2.783
4433.420	-0.250	3.003
4433.430	-0.260	3.003
4433.440	-0.260	3.223
4433.450	-0.260	3.223
4433.460	-0.270	3.149
4433.470	-0.270	3.076
4433.480	-0.270	2.856
4433.490	-0.280	2.856
4433.500	-0.280	3.003
4433.510	-0.280	3.076
4433.520	-0.290	3.296
4433.530	-0.290	3.369
4433.540	-0.290	3.296
4433.550	-0.290	3.296
4433.560	-0.290	3.296
4433.570	-0.290	3.516
4433.580	-0.290	3.516
4433.590	-0.290	3.662
4433.600	-0.290	3.589
4433.610	-0.290	3.516
4433.620	-0.290	3.223
4433.630	-0.290	3.149
4433.640	-0.290	3.076
4433.650	-0.290	3.223
4433.660	-0.290	3.442
4433.670	-0.290	3.516
4433.680	-0.290	3.369
4433.690	-0.290	3.296
4433.700	-0.300	3.369
4433.710	-0.300	3.369
4433.720	-0.300	3.662
4433.730	-0.310	3.735
4433.740	-0.310	3.735
4433.750	-0.310	3.589
4433.760	-0.310	3.369
4433.770	-0.310	3.296
4433.780	-0.310	3.442
4433.790	-0.320	3.735
4433.800	-0.320	3.735
4433.810	-0.320	3.809
4433.820	-0.330	3.589
4433.830	-0.330	3.589
4433.840	-0.330	3.735
4433.850	-0.320	3.882
4433.860	-0.320	3.955
4433.870	-0.320	3.955
4433.880	-0.320	3.735
4433.890	-0.320	3.442
4433.900	-0.320	3.369
4433.910	-0.310	3.442
4433.920	-0.310	3.662
4433.930	-0.310	3.662
4433.940	-0.300	3.516
4433.950	-0.300	3.369
4433.960	-0.300	3.296
4433.970	-0.290	3.369
4433.980	-0.290	3.589
4433.990	-0.290	3.662
4434.000	-0.290	3.662
4434.010	-0.290	3.442
4434.020	-0.290	3.223
4434.030	-0.290	3.149
4434.040	-0.290	3.149
4434.050	-0.290	3.296
4434.060	-0.290	3.516
4434.070	-0.290	3.442
4434.080	-0.290	3.369
4434.090	-0.290	3.296
4434.100	-0.290	3.296
4434.110	-0.290	3.442
4434.120	-0.300	3.589
4434.130	-0.300	3.662
4434.140	-0.300	3.662
4434.150	-0.300	3.442
4434.160	-0.300	3.223
4434.170	-0.300	3.223
4434.180	-0.300	3.223
4434.190	-0.300	3.442
4434.200	-0.300	3.516
4434.210	-0.310	3.589
4434.220	-0.310	3.442
4434.230	-0.310	3.369
4434.240	-0.310	3.369
4434.250	-0.310	3.589
4434.260	-0.310	3.735
4434.270	-0.300	3.735
4434.280	-0.300	3.662
4434.290	-0.300	3.369
4434.300	-0.300	3.296
4434.310	-0.300	3.149
4434.320	-0.300	3.296
4434.330	-0.300	3.516
4434.340	-0.300	3.589
4434.350	-0.300	3.442
4434.360	-0.290	3.296
4434.370	-0.290	3.296
4434.380	-0.290	3.369
4434.390	-0.290	3.589
4434.400	-0.290	3.589
4434.410	-0.290	3.589
4434.420	-0.280	3.442
4434.430	-0.280	3.149
4434.440	-0.280	3.003
4434.450	-0.280	3.003
4434.460	-0.280	3.076
4434.470	-0.280	3.223
4434.480	-0.280	3.296
4434.490	-0.280	3.149
4434.500	-0.280	3.149
4434.510	-0.280	3.149
4434.520	-0.280	3.149
4434.530	-0.280	3.296
4434.540	-0.280	3.516
4434.550	-0.280	3.516
4434.560	-0.280	3.369
4434.570	-0.280	3.223
4434.580	-0.280	3.003
4434.590	-0.280	2.930
4434.600	-0.270	2.856
4434.610	-0.270	2.930
4434.620	-0.270	3.076
4434.630	-0.250	3.076
4434.640	-0.250	2.930
4434.650	-0.250	2.930
4434.660	-0.240	2.930
4434.670	-0.240	2.930
4434.680	-0.240	2.930
4434.690	-0.230	3.076
4434.700	-0.230	3.149
4434.710	-0.230	3.076
4434.720	-0.220	2.856
4434.730	-0.220	2.637
4434.740	-0.220	2.563
4434.750	-0.200	2.417
4434.760	-0.200	2.344
4434.770	-0.200	2.197
4434.780	-0.180	2.124
4434.790	-0.180	1.978
4434.800	-0.180	1.904
4434.810	-0.160	1.831
4434.820	-0.160	1.904
4434.830	-0.160	1.978
4434.840	-0.140	1.904
4434.850	-0.140	1.904
4434.860	-0.140	1.978
4434.870	-0.140	1.904
4434.880	-0.140	1.904
4434.890	-0.140	1.831
4434.900	-0.130	1.758
4434.910	-0.130	1.685
4434.920	-0.130	1.465
4434.930	-0.110	1.392
4434.940	-0.110	1.392
4434.950	-0.110	1.392
4434.960	-0.100	1.318
4434.970	-0.100	1.392
4434.980	-0.100	1.318
4434.990	-0.080	1.318
4435.000	-0.080	1.245
4435.010	-0.080	1.172
4435.020	-0.070	1.172
4435.030	-0.070	1.099
4435.040	-0.070	1.025
4435.050	-0.050	0.952
4435.060	-0.050	0.806
4435.070	-0.050	0.732
4435.080	-0.040	0.659
4435.090	-0.040	0.586
4435.100	-0.040	0.513
4435.110	-0.030	0.513
4435.120	-0.030	0.439
4435.130	-0.030	0.366
4435.140	-0.010	0.293
4435.150	-0.010	0.220
4435.160	-0.010	0.220
4435.170	0.000	0.146
4435.180	0.000	0.146
4435.190	0.000	0.073
4435.200	0.020	0.073
4435.210	0.020	0.000
4435.220	0.020	0.000
4435.230	0.040	-0.073
4435.240	0.040	-0.146
4435.250	0.040	-0.146
4435.260	0.060	-0.220
4435.270	0.060	-0.293
4435.280	0.060	-0.293
4435.290	0.070	-0.439
4435.300	0.070	-0.439
4435.310	0.070	-0.586
4435.320	0.080	-0.659
4435.330	0.080	-0.659
4435.340	0.080	-0.732
4435.350	0.100	-0.879
4435.360	0.100	-0.952
4435.370	0.100	-1.025
4435.380	0.110	-1.099
4435.390	0.110	-1.099
4435.400	0.110	-1.245
4435.410	0.120	-1.245
4435.420	0.120	-1.245
4435.430	0.120	-1.318
4435.440	0.140	-1.318
4435.450	0.140	-1.318
4435.460	0.140	-1.318
4435.470	0.150	-1.392
4435.480	0.150	-1.465
4435.490	0.150	-1.611
4435.500	0.170	-1.758
4435.510	0.170	-1.831
4435.520	0.170	-1.978
4435.530	0.180	-1.978
4435.540	0.180	-2.051
4435.550	0.180	-2.051
4435.560	0.200	-2.051
4435.570	0.200	-1.978
4435.580	0.200	-2.051
4435.590	0.230	-2.051
4435.600	0.230	-2.051
4435.610	0.230	-2.197
4435.620	0.250	-2.271
4435.630	0.250	-2.417
4435.640	0.250	-2.490
4435.650	0.280	-2.637
4435.660	0.280	-2.783
4435.670	0.280	-3.076
4435.680	0.300	-3.369
4435.690	0.300	-3.442
4435.700	0.300	-3.369
4435.710	0.320	-3.369
4435.720	0.320	-3.296
4435.730	0.320	-3.369
4435.740	0.340	-3.369
4435.750	0.340	-3.589
4435.760	0.340	-3.589
4435.770	0.350	-3.589
4435.780	0.350	-3.442
4435.790	0.350	-3.662
4435.800	0.360	-3.662
4435.810	0.360	-3.882
4435.820	0.360	-4.028
4435.830	0.350	-4.028
4435.840	0.350	-3.882
4435.850	0.350	-3.662
4435.860	0.350	-3.662
4435.870	0.350	-3.735
4435.880	0.350	-3.735
4435.890	0.350	-3.735
4435.900	0.350	-3.589
4435.910	0.350	-3.516
4435.920	0.350	-3.516
4435.930	0.350	-3.809
4435.940	0.350	-4.028
4435.950	0.350	-4.028
4435.960	0.350	-3.955
4435.970	0.350	-3.735
4435.980	0.360	-3.735
4435.990	0.360	-3.882
4436.000	0.360	-3.955
4436.010	0.360	-3.955
4436.020	0.360	-3.809
4436.030	0.360	-3.589
4436.040	0.360	-3.589
4436.050	0.360	-3.882
4436.060	0.360	-4.028
4436.070	0.360	-4.028
4436.080	0.360	-3.955
4436.090	0.360	-3.809
4436.100	0.360	-3.735
4436.110	0.360	-3.955
4436.120	0.360	-3.955
4436.130	0.360	-4.028
4436.140	0.360	-3.882
4436.150	0.360	-3.662
4436.160	0.360	-3.662
4436.170	0.360	-3.882
4436.180	0.360	-4.028
4436.190	0.360	-4.102
4436.200	0.360	-4.028
4436.210	0.360	-3.882
4436.220	0.360	-3.809
4436.230	0.360	-3.809
4436.240	0.360	-4.028
4436.250	0.360	-4.028
4436.260	0.360	-3.882
4436.270	0.360	-3.735
4436.280	0.370	-3.735
4436.290	0.370	-3.955
4436.300	0.370	-4.102
4436.310	0.380	-4.175
4436.320	0.380	-4.102
4436.330	0.380	-3.955
4436.340	0.390	-3.809
4436.350	0.390	-3.955
4436.360	0.390	-4.175
4436.370	0.390	-4.175
4436.380	0.390	-4.102
4436.390	0.390	-3.955
4436.400	0.400	-4.175
4436.410	0.400	-4.248
4436.420	0.400	-4.395
4436.430	0.400	-4.395
4436.440	0.400	-4.395
4436.450	0.400	-4.248
4436.460	0.390	-4.248
4436.470	0.390	-4.321
4436.480	0.390	-4.321
4436.490	0.390	-4.248
4436.500	0.390	-4.028
4436.510	0.390	-4.102
4436.520	0.380	-4.248
4436.530	0.380	-4.321
4436.540	0.380	-4.248
4436.550	0.380	-4.175
4436.560	0.380	-4.028
4436.570	0.380	-4.028
4436.580	0.380	-4.175
4436.590	0.380	-4.175
4436.600	0.380	-4.102
4436.610	0.380	-4.028
4436.620	0.380	-3.882
4436.630	0.380	-4.102
4436.640	0.380	-4.248
4436.650	0.380	-4.321
4436.660	0.380	-4.248
4436.670	0.380	-4.102
4436.680	0.380	-4.028
4436.690	0.380	-4.175
4436.700	0.380	-4.175
4436.710	0.380	-4.102
4436.720	0.380	-3.955
4436.730	0.370	-3.809
4436.740	0.370	-3.809
4436.750	0.370	-4.028
4436.760	0.360	-4.028
4436.770	0.360	-4.028
4436.780	0.360	-3.882
4436.790	0.350	-3.662
4436.800	0.350	-3.589
4436.810	0.350	-3.662
4436.820	0.330	-3.809
4436.830	0.330	-3.662
4436.840	0.330	-3.516
4436.850	0.320	-3.223
4436.860	0.320	-3.296
4436.870	0.320	-3.589
4436.880	0.310	-3.589
4436.890	0.310	-3.662
4436.900	0.310	-3.442
4436.910	0.310	-3.442
4436.920	0.310	-3.296
4436.930	0.310	-3.223
4436.940	0.300	-3.296
4436.950	0.300	-3.369
4436.960	0.300	-3.369
4436.970	0.300	-3.296
4436.980	0.300	-3.076
4436.990	0.300	-3.003
4437.000	0.290	-3.003
4437.010	0.290	-3.076
4437.020	0.290	-3.223
4437.030	0.290	-3.442
4437.040	0.290	-3.369
4437.050	0.290	-3.223
4437.060	0.280	-3.076
4437.070	0.280	-3.003
4437.080	0.280	-2.930
4437.090	0.270	-2.856
4437.100	0.270	-2.856
4437.110	0.270	-2.856
4437.120	0.250	-2.783
4437.130	0.250	-2.563
4437.140	0.250	-2.490
4437.150	0.230	-2.490
4437.160	0.230	-2.490
4437.170	0.230	-2.417
4437.180	0.210	-2.417
4437.190	0.210	-2.490
4437.200	0.210	-2.490
4437.210	0.200	-2.490
4437.220	0.200	-2.344
4437.230	0.200	-2.271
4437.240	0.180	-2.271
4437.250	0.180	-2.124
4437.260	0.180	-2.051
4437.270	0.160	-2.051
4437.280	0.160	-1.904
4437.290	0.160	-1.758
4437.300	0.140	-1.605
4437.310	0.140	-1.320
4437.320	0.140	-1.247
4437.330	0.120	-1.173
4437.340	0.120	-1.027
4437.350	0.120	-1.027
4437.360	0.110	-0.954
4437.370	0.110	-0.954
4437.380	0.110	-0.954
4437.390	0.090	-0.880
4437.400	0.090	-0.887
4437.410	0.090	-0.952
4437.420	0.070	-0.806
4437.430	0.070	-0.806
4437.440	0.070	-0.806
4437.450	0.050	-0.732
4437.460	0.050	-0.732
4437.470	0.050	-0.586
4437.480	0.030	-0.513
4437.490	0.030	-0.439
4437.500	0.030	-0.366
4437.510	0.010	-0.220
4437.520	0.010	-0.220
4437.530	0.010	-0.073
4437.540	-0.010	0.000
4437.550	-0.010	0.073
4437.560	-0.010	0.220
4437.570	-0.030	0.293
4437.580	-0.030	0.366
4437.590	-0.030	0.439
4437.600	-0.050	0.513
4437.610	-0.050	0.659
4437.620	-0.050	0.732
4437.630	-0.070	0.732
4437.640	-0.070	0.879
4437.650	-0.070	0.879
4437.660	-0.080	0.879
4437.670	-0.080	0.879
4437.680	-0.080	0.952
4437.690	-0.100	1.025
4437.700	-0.100	0.952
4437.710	-0.100	0.952
4437.720	-0.120	1.025
4437.730	-0.120	1.099
4437.740	-0.120	1.172
4437.750	-0.140	1.318
4437.760	-0.140	1.538
4437.770	-0.140	1.758
4437.780	-0.160	1.831
4437.790	-0.160	1.978
4437.800	-0.160	2.051
4437.810	-0.180	2.197
4437.820	-0.180	2.271
4437.830	-0.180	2.344
4437.840	-0.200	2.417
4437.850	-0.200	2.490
4437.860	-0.200	2.563
4437.870	-0.220	2.563
4437.880	-0.220	2.563
4437.890	-0.220	2.563
4437.900	-0.250	2.563
4437.910	-0.250	2.563
4437.920	-0.250	2.637
4437.930	-0.260	2.710
4437.940	-0.260	2.856
4437.950	-0.260	2.930
4437.960	-0.260	2.930
4437.970	-0.260	2.856
4437.980	-0.260	2.930
4437.990	-0.250	2.930
4438.000	-0.250	3.003
4438.010	-0.250	3.076
4438.020	-0.240	3.149
4438.030	-0.240	3.149
4438.040	-0.240	2.930
4438.050	-0.230	2.856
4438.060	-0.230	2.637
4438.070	-0.230	2.637
4438.080	-0.230	2.563
4438.090	-0.230	2.637
4438.100	-0.230	2.637
4438.110	-0.220	2.710
4438.120	-0.220	2.710
4438.130	-0.220	2.710
4438.140	-0.230	2.710
4438.150	-0.230	2.637
4438.160	-0.230	2.710
4438.170	-0.220	2.783
4438.180	-0.220	2.856
4438.190	-0.220	2.856
4438.200	-0.230	2.930
4438.210	-0.230	2.783
4438.220	-0.230	2.637
4438.230	-0.230	2.563
4438.240	-0.230	2.563
4438.250	-0.230	2.490
4438.260	-0.230	2.563
4438.270	-0.230	2.563
4438.280	-0.230	2.710
4438.290	-0.250	2.783
4438.300	-0.250	2.710
4438.310	-0.250	2.783
4438.320	-0.250	2.856
4438.330	-0.250	2.856
4438.340	-0.250	2.930
4438.350	-0.260	3.149
4438.360	-0.260	3.223
4438.370	-0.260	3.296
4438.380	-0.280	3.076
4438.390	-0.280	3.003
4438.400	-0.280	2.930
4438.410	-0.280	2.930
4438.420	-0.280	3.003
4438.430	-0.280	3.223
4438.440	-0.280	3.369
4438.450	-0.280	3.369
4438.460	-0.280	3.296
4438.470	-0.280	3.223
4438.480	-0.280	3.296
4438.490	-0.280	3.369
4438.500	-0.290	3.589
4438.510	-0.290	3.589
4438.520	-0.290	3.516
4438.530	-0.290	3.369
4438.540	-0.290	3.149
4438.550	-0.290	3.076
4438.560	-0.300	3.149
4438.570	-0.300	3.369
4438.580	-0.300	3.442
4438.590	-0.300	3.442
4438.600	-0.300	3.296
4438.610	-0.300	3.369
4438.620	-0.300	3.369
4438.630	-0.300	3.516
4438.640	-0.300	3.735
4438.650	-0.310	3.735
4438.660	-0.310	3.662
4438.670	-0.310	3.442
4438.680	-0.310	3.369
4438.690	-0.310	3.369
4438.700	-0.310	3.589
4438.710	-0.320	3.662
4438.720	-0.320	3.735
4438.730	-0.320	3.662
4438.740	-0.320	3.589
4438.750	-0.320	3.589
4438.760	-0.320	3.809
4438.770	-0.320	3.882
4438.780	-0.320	3.882
4438.790	-0.320	3.809
4438.800	-0.320	3.589
4438.810	-0.320	3.442
4438.820	-0.320	3.369
4438.830	-0.310	3.516
4438.840	-0.310	3.589
4438.850	-0.310	3.662
4438.860	-0.310	3.442
4438.870	-0.310	3.369
4438.880	-0.310	3.442
4438.890	-0.300	3.589
4438.900	-0.300	3.662
4438.910	-0.300	3.735
4438.920	-0.300	3.735
4438.930	-0.300	3.442
4438.940	-0.300	3.296
4438.950	-0.300	3.223
4438.960	-0.300	3.369
4438.970	-0.300	3.589
4438.980	-0.300	3.589
4438.990	-0.300	3.442
4439.000	-0.300	3.369
4439.010	-0.300	3.369
4439.020	-0.300	3.442
4439.030	-0.300	3.662
4439.040	-0.300	3.735
4439.050	-0.300	3.735
4439.060	-0.300	3.516
4439.070	-0.310	3.296
4439.080	-0.310	3.223
4439.090	-0.310	3.296
4439.100	-0.310	3.516
4439.110	-0.310	3.589
4439.120	-0.310	3.589
4439.130	-0.310	3.442
4439.140	-0.310	3.369
4439.150	-0.310	3.442
4439.160	-0.310	3.662
4439.170	-0.310	3.809
4439.180	-0.310	3.809
4439.190	-0.320	3.735
4439.200	-0.320	3.442
4439.210	-0.320	3.369
4439.220	-0.310	3.369
4439.230	-0.310	3.589
4439.240	-0.310	3.735
4439.250	-0.310	3.735
4439.260	-0.310	3.589
4439.270	-0.310	3.442
4439.280	-0.300	3.516
4439.290	-0.300	3.662
4439.300	-0.300	3.809
4439.310	-0.300	3.809
4439.320	-0.300	3.662
4439.330	-0.300	3.442
4439.340	-0.300	3.223
4439.350	-0.300	3.149
4439.360	-0.300	3.296
4439.370	-0.310	3.516
4439.380	-0.310	3.516
4439.390	-0.310	3.442
4439.400	-0.310	3.369
4439.410	-0.310	3.369
4439.420	-0.310	3.662
4439.430	-0.310	3.662
4439.440	-0.310	3.809
4439.450	-0.310	3.589
4439.460	-0.310	3.369
4439.470	-0.310	3.223
4439.480	-0.310	3.223
4439.490	-0.300	3.296
4439.500	-0.300	3.442
4439.510	-0.300	3.516
4439.520	-0.290	3.516
4439.530	-0.290	3.369
4439.540	-0.290	3.296
4439.550	-0.280	3.369
4439.560	-0.280	3.516
4439.570	-0.280	3.589
4439.580	-0.270	3.662
4439.590	-0.270	3.442
4439.600	-0.270	3.223
4439.610	-0.260	3.003
4439.620	-0.260	2.856
4439.630	-0.260	2.783
4439.640	-0.250	2.856
4439.650	-0.250	2.856
4439.660	-0.250	2.856
4439.670	-0.230	2.783
4439.680	-0.230	2.710
4439.690	-0.230	2.710
4439.700	-0.220	2.710
4439.710	-0.220	2.710
4439.720	-0.220	2.783
4439.730	-0.210	2.856
4439.740	-0.210	2.783
4439.750	-0.210	2.710
4439.760	-0.210	2.563
4439.770	-0.210	2.417
4439.780	-0.210	2.417
4439.790	-0.200	2.344
4439.800	-0.200	2.271
4439.810	-0.200	2.271
4439.820	-0.190	2.197
4439.830	-0.190	2.124
4439.840	-0.190	2.124
4439.850	-0.180	2.124
4439.860	-0.180	2.197
4439.870	-0.180	2.197
4439.880	-0.170	2.197
4439.890	-0.170	2.197
4439.900	-0.170	2.271
4439.910	-0.160	2.197
4439.920	-0.160	2.124
4439.930	-0.160	2.051
4439.940	-0.140	1.904
4439.950	-0.140	1.758
4439.960	-0.140	1.685
4439.970	-0.120	1.611
4439.980	-0.120	1.611
4439.990	-0.120	1.611
4440.000	-0.110	1.465
4440.010	-0.110	1.392
4440.020	-0.110	1.392
4440.030	-0.090	1.318
4440.040	-0.090	1.245
4440.050	-0.090	1.172
4440.060	-0.060	1.025
4440.070	-0.060	0.879
4440.080	-0.060	0.806
4440.090	-0.030	0.659
4440.100	-0.030	0.513
4440.110	-0.030	0.439
